100 9.3769e-08
200 1.06931e-07
300 1.16309e-07
400 1.1263e-07
500 1.15772e-07
600 1.18512e-07
700 1.13125e-07
800 1.24495e-07
900 1.24616e-07
1000 1.21847e-07
1100 1.24042e-07
1200 1.31098e-07
1300 1.21855e-07
1400 1.22348e-07
1500 1.24362e-07
1600 1.33117e-07
1700 1.30441e-07
1800 1.29693e-07
1900 1.53189e-07
2000 1.32143e-07
2100 1.33268e-07
2200 1.34978e-07
2300 1.44403e-07
2400 1.40548e-07
2500 1.37723e-07
2600 1.41276e-07
2700 1.31828e-07
2800 1.35988e-07
2900 1.40923e-07
3000 1.35983e-07
3100 1.49347e-07
3200 1.43763e-07
3300 1.47527e-07
3400 1.46525e-07
3500 1.37008e-07
3600 1.45783e-07
3700 1.39643e-07
3800 1.55525e-07
3900 1.4276e-07
4000 1.44776e-07
4100 1.51753e-07
4200 1.39234e-07
4300 1.4311e-07
4400 1.46795e-07
4500 1.51301e-07
4600 1.50759e-07
4700 1.55498e-07
4800 1.538e-07
4900 1.61541e-07
5000 1.53788e-07
5100 1.4794e-07
5200 1.51399e-07
5300 1.4293e-07
5400 1.49329e-07
5500 1.48124e-07
5600 1.46509e-07
5700 1.42043e-07
5800 1.4662e-07
5900 1.41403e-07
6000 1.50169e-07
6100 1.42129e-07
6200 1.68826e-07
6300 1.59386e-07
6400 1.62097e-07
6500 1.48365e-07
6600 1.51942e-07
6700 1.54912e-07
6800 1.65584e-07
6900 1.49139e-07
7000 1.54959e-07
7100 1.50663e-07
7200 1.69883e-07
7300 1.5193e-07
7400 1.53953e-07
7500 1.51455e-07
7600 1.5676e-07
7700 1.48639e-07
7800 1.48444e-07
7900 1.64407e-07
8000 1.47414e-07
8100 1.54363e-07
8200 1.54282e-07
8300 1.47467e-07
8400 1.55347e-07
8500 1.61761e-07
8600 1.68744e-07
8700 1.75325e-07
8800 1.51069e-07
8900 1.52291e-07
9000 1.61081e-07
9100 1.49933e-07
9200 1.5872e-07
9300 1.65384e-07
9400 1.66926e-07
9500 1.55941e-07
9600 1.66567e-07
9700 1.74808e-07
9800 1.95805e-07
9900 1.75146e-07
10000 1.62305e-07
10100 1.69129e-07
10200 1.60939e-07
10300 1.5087e-07
10400 1.55439e-07
10500 1.47619e-07
10600 1.47763e-07
10700 1.55963e-07
10800 1.49143e-07
10900 1.54837e-07
11000 1.58435e-07
11100 1.56983e-07
11200 1.51485e-07
11300 1.54858e-07
11400 1.55132e-07
11500 1.48621e-07
11600 1.60955e-07
11700 1.55251e-07
11800 1.5014e-07
11900 1.43168e-07
12000 1.70659e-07
12100 1.52853e-07
12200 1.46835e-07
12300 1.65267e-07
12400 1.69672e-07
12500 1.61018e-07
12600 1.59515e-07
12700 1.62203e-07
12800 1.64703e-07
12900 1.65873e-07
13000 1.58448e-07
13100 1.57865e-07
13200 1.57768e-07
13300 1.70095e-07
13400 1.60138e-07
13500 1.65175e-07
13600 1.66245e-07
13700 1.58486e-07
13800 1.57169e-07
13900 1.73416e-07
14000 1.56312e-07
14100 1.6347e-07
14200 1.72032e-07
14300 1.60458e-07
14400 1.6217e-07
14500 1.65941e-07
14600 1.59885e-07
14700 1.67987e-07
14800 1.61992e-07
14900 1.63036e-07
15000 1.55717e-07
15100 1.70509e-07
15200 1.70939e-07
15300 1.57224e-07
15400 1.56965e-07
15500 1.59001e-07
15600 1.68405e-07
15700 1.67709e-07
15800 1.69267e-07
15900 1.60704e-07
16000 1.67758e-07
16100 1.78146e-07
16200 1.64657e-07
16300 1.69883e-07
16400 1.78848e-07
16500 1.73851e-07
16600 1.61772e-07
16700 1.6257e-07
16800 1.56418e-07
16900 1.66594e-07
17000 1.57081e-07
17100 1.64292e-07
17200 1.68649e-07
17300 1.62568e-07
17400 1.7093e-07
17500 1.66715e-07
17600 1.57987e-07
17700 1.87349e-07
17800 1.5683e-07
17900 1.77054e-07
18000 1.75829e-07
18100 1.72342e-07
18200 1.65931e-07
18300 1.61216e-07
18400 1.68852e-07
18500 1.75708e-07
18600 1.88816e-07
18700 1.80253e-07
18800 1.85461e-07
18900 1.73419e-07
19000 1.77921e-07
19100 1.7237e-07
19200 1.80417e-07
19300 1.90646e-07
19400 1.853e-07
19500 1.83023e-07
19600 1.84199e-07
19700 1.76509e-07
19800 1.84022e-07
19900 1.76502e-07
20000 1.72331e-07
20100 1.72495e-07
20200 1.84176e-07
20300 1.78621e-07
20400 1.77095e-07
20500 1.68486e-07
20600 1.63718e-07
20700 1.58848e-07
20800 1.74786e-07
20900 1.73149e-07
21000 1.67981e-07
21100 1.6634e-07
21200 1.63643e-07
21300 1.65755e-07
21400 1.65387e-07
21500 1.6994e-07
21600 1.57321e-07
21700 1.59461e-07
21800 1.76039e-07
21900 1.66718e-07
22000 1.70554e-07
22100 1.64483e-07
22200 1.6359e-07
22300 1.57492e-07
22400 1.61221e-07
22500 1.65722e-07
22600 1.57639e-07
22700 1.73353e-07
22800 1.72145e-07
22900 1.7424e-07
23000 1.75885e-07
23100 1.59974e-07
23200 1.63177e-07
23300 1.66141e-07
23400 1.61457e-07
23500 1.59489e-07
23600 1.55161e-07
23700 1.69538e-07
23800 1.57806e-07
23900 1.74115e-07
24000 1.69354e-07
24100 1.58419e-07
24200 1.64848e-07
24300 1.91851e-07
24400 1.68221e-07
24500 1.7121e-07
24600 1.71861e-07
24700 1.67855e-07
24800 1.80942e-07
24900 1.72618e-07
25000 1.66222e-07
25100 1.81148e-07
25200 1.70023e-07
25300 1.64612e-07
25400 1.66219e-07
25500 1.90273e-07
25600 1.73268e-07
25700 1.7426e-07
25800 1.64539e-07
25900 1.77729e-07
26000 1.66047e-07
26100 1.66801e-07
26200 1.70365e-07
26300 1.70871e-07
26400 1.70308e-07
26500 1.73378e-07
26600 1.79361e-07
26700 1.69619e-07
26800 1.66399e-07
26900 1.73111e-07
27000 1.75858e-07
27100 1.72059e-07
27200 1.72274e-07
27300 1.69347e-07
27400 1.69095e-07
27500 1.83544e-07
27600 1.6886e-07
27700 1.75899e-07
27800 1.88037e-07
27900 1.90491e-07
28000 1.70394e-07
28100 1.79343e-07
28200 1.67841e-07
28300 1.73882e-07
28400 1.65076e-07
28500 1.77518e-07
28600 1.67733e-07
28700 1.75769e-07
28800 1.6842e-07
28900 1.75846e-07
29000 1.64947e-07
29100 1.84917e-07
29200 1.78615e-07
29300 1.70621e-07
29400 1.82474e-07
29500 1.77797e-07
29600 1.74107e-07
29700 1.762e-07
29800 1.78186e-07
29900 1.7515e-07
30000 1.85096e-07
30100 1.74682e-07
30200 1.76997e-07
30300 1.71424e-07
30400 1.73206e-07
30500 1.75835e-07
30600 1.68289e-07
30700 1.80008e-07
30800 1.69099e-07
30900 1.65879e-07
31000 1.75131e-07
31100 1.75098e-07
31200 1.74667e-07
31300 1.65187e-07
31400 1.68998e-07
31500 1.69091e-07
31600 1.8428e-07
31700 1.83736e-07
31800 1.66455e-07
31900 1.75798e-07
32000 1.75206e-07
32100 1.6692e-07
32200 1.78466e-07
32300 1.69426e-07
32400 1.70311e-07
32500 1.80462e-07
32600 1.72882e-07
32700 1.79683e-07
32800 1.71997e-07
32900 1.92474e-07
33000 1.7322e-07
33100 1.73198e-07
33200 1.79309e-07
33300 1.85991e-07
33400 1.67544e-07
33500 1.66946e-07
33600 1.74547e-07
33700 1.65042e-07
33800 1.77834e-07
33900 1.7547e-07
34000 1.6515e-07
34100 1.71905e-07
34200 1.69912e-07
34300 1.74355e-07
34400 2.20506e-07
34500 1.76429e-07
34600 1.7761e-07
