
100 9.7452e-08
200 9.7092e-08
300 9.6569e-08
400 9.7244e-08
500 9.6454e-08
600 9.9677e-08
700 9.6101e-08
800 9.6759e-08
900 9.788e-08
1000 9.8722e-08
1100 9.9341e-08
1200 9.8945e-08
1300 9.6402e-08
1400 9.7558e-08
1500 9.5858e-08
1600 9.5965e-08
1700 9.7598e-08
1800 9.6929e-08
1900 9.5772e-08
2000 9.7558e-08
2100 9.561e-08
2200 9.6267e-08
2300 9.6272e-08
2400 9.5403e-08
2500 9.6024e-08
2600 9.5721e-08
2700 9.4202e-08
2800 9.5674e-08
2900 9.4378e-08
3000 9.5515e-08
3100 9.5333e-08
3200 9.4522e-08
3300 9.5241e-08
3400 9.4429e-08
3500 9.4231e-08
3600 9.3561e-08
3700 9.6755e-08
3800 9.5746e-08
3900 9.5239e-08
4000 9.6051e-08
4100 9.6723e-08
4200 9.6947e-08
4300 9.6057e-08
4400 9.5082e-08
4500 9.4557e-08
4600 9.6994e-08
4700 9.6474e-08
4800 9.746e-08
4900 9.495e-08
5000 9.4356e-08
5100 9.5347e-08
5200 9.5548e-08
5300 9.5859e-08
5400 9.5291e-08
5500 9.4386e-08
5600 9.5361e-08
5700 9.5417e-08
5800 9.512e-08
5900 9.4798e-08
6000 9.7679e-08
6100 9.6619e-08
6200 9.4944e-08
6300 9.5286e-08
6400 9.6838e-08
6500 9.7112e-08
6600 9.667e-08
6700 9.4962e-08
6800 9.4531e-08
6900 9.696e-08
7000 9.7883e-08
7100 9.5449e-08
7200 9.8208e-08
7300 9.699e-08
7400 9.5723e-08
7500 9.6733e-08
7600 9.6051e-08
7700 9.7567e-08
7800 9.6024e-08
7900 9.5892e-08
8000 9.6918e-08
8100 9.9214e-08
8200 9.5049e-08
8300 9.5614e-08
8400 9.5267e-08
8500 9.4974e-08
8600 9.6212e-08
8700 9.7138e-08
8800 9.5532e-08
8900 9.634e-08
9000 9.5561e-08
9100 9.5572e-08
9200 9.4485e-08
9300 9.535e-08
9400 9.4974e-08
9500 9.5464e-08
9600 9.5e-08
9700 9.437e-08
9800 9.4669e-08
9900 9.4692e-08
10000 9.6054e-08
10100 9.5434e-08
10200 9.5964e-08
10300 9.6148e-08
10400 9.6086e-08
10500 9.6758e-08
10600 9.5845e-08
10700 9.5804e-08
10800 9.493e-08
10900 9.5685e-08
11000 9.748e-08
11100 9.7969e-08
11200 9.8233e-08
11300 9.8432e-08
11400 9.543e-08
11500 9.5412e-08
11600 9.4033e-08
11700 9.4127e-08
11800 9.4552e-08
11900 9.504e-08
12000 9.3965e-08
12100 9.4324e-08
12200 9.3245e-08
12300 9.3305e-08
12400 9.5325e-08
12500 9.6524e-08
12600 9.8997e-08
12700 9.4273e-08
12800 9.4464e-08
12900 9.5011e-08
13000 9.6438e-08
13100 9.5356e-08
13200 9.6101e-08
13300 9.4062e-08
13400 9.5471e-08
13500 9.5758e-08
13600 9.6284e-08
13700 9.6283e-08
13800 9.5755e-08
13900 9.4807e-08
14000 9.6189e-08
14100 9.5651e-08
14200 9.5995e-08
14300 9.6014e-08
14400 9.492e-08
14500 9.7099e-08
14600 9.5263e-08
14700 9.4401e-08
14800 9.838e-08
14900 9.8424e-08
15000 9.5268e-08
15100 9.4742e-08
15200 9.5572e-08
15300 9.6094e-08
15400 9.5273e-08
15500 9.6326e-08
15600 9.7458e-08
15700 1.0102e-07
15800 1.00017e-07
15900 9.641e-08
16000 9.7075e-08
16100 9.255e-08
16200 9.4619e-08
16300 1.02417e-07
16400 9.7738e-08
16500 9.6137e-08
16600 9.5852e-08
16700 9.7484e-08
16800 9.7923e-08
16900 9.8728e-08
17000 9.9053e-08
17100 9.9545e-08
17200 9.9659e-08
17300 9.6071e-08
17400 9.5717e-08
17500 9.6203e-08
17600 9.4057e-08
17700 9.5317e-08
17800 9.5571e-08
17900 9.4721e-08
18000 9.4697e-08
18100 9.6866e-08
18200 9.5441e-08
18300 9.3002e-08
18400 9.4081e-08
18500 9.4865e-08
18600 9.5295e-08
18700 9.3464e-08
18800 9.2803e-08
18900 9.2935e-08
19000 9.2754e-08
19100 9.4237e-08
19200 9.3407e-08
19300 9.3429e-08
19400 9.407e-08
19500 9.3302e-08
19600 9.384e-08
19700 9.5816e-08
19800 9.5061e-08
19900 9.4433e-08
20000 9.393e-08
20100 9.475e-08
20200 9.5515e-08
20300 9.4445e-08
20400 9.3248e-08
20500 9.3755e-08
20600 9.3809e-08
20700 9.3932e-08
20800 9.3407e-08
20900 9.4224e-08
21000 9.2954e-08
21100 9.3218e-08
21200 9.2499e-08
21300 9.2415e-08
21400 9.4225e-08
21500 9.6219e-08
21600 9.6701e-08
21700 9.5878e-08
21800 9.6364e-08
21900 9.6265e-08
22000 9.6936e-08
22100 9.6912e-08
22200 9.852e-08
22300 9.8636e-08
22400 9.5691e-08
22500 9.5972e-08
22600 9.6125e-08
22700 9.9809e-08
22800 1.96538e-07
22900 1.99866e-07
23000 1.99072e-07
23100 1.99233e-07
23200 1.9851e-07
23300 1.97617e-07
23400 2.03754e-07
23500 2.18286e-07
23600 2.09027e-07
23700 1.9757e-07
23800 1.9851e-07
23900 1.99128e-07
24000 2.00839e-07
24100 2.00538e-07
24200 1.97703e-07
24300 2.04434e-07
24400 1.99876e-07
24500 1.99331e-07
24600 1.96973e-07
24700 1.98401e-07
24800 1.97606e-07
24900 2.02707e-07
25000 2.00264e-07
25100 1.97729e-07
25200 2.17078e-07
25300 2.01174e-07
25400 2.07048e-07
25500 2.0609e-07
25600 2.10214e-07
25700 1.99437e-07
25800 2.08212e-07
25900 2.01436e-07
26000 1.97195e-07
26100 2.27969e-07
26200 2.19542e-07
26300 2.03606e-07
26400 2.04549e-07
26500 2.01694e-07
26600 2.04746e-07
26700 2.05493e-07
26800 2.06736e-07
26900 1.99102e-07
27000 1.99474e-07
27100 1.95057e-07
27200 1.99176e-07
27300 2.0891e-07
27400 2.03467e-07
27500 1.99273e-07
27600 2.07193e-07
27700 2.02603e-07
27800 2.00323e-07
27900 1.97602e-07
28000 2.07068e-07
28100 2.01753e-07
28200 2.04296e-07
28300 1.95622e-07
28400 1.97801e-07
28500 1.96293e-07
28600 1.98499e-07
28700 2.02549e-07
28800 1.99097e-07
28900 2.07203e-07
29000 1.9739e-07
29100 1.97079e-07
29200 2.0545e-07
29300 2.0167e-07
29400 1.95893e-07
29500 2.00344e-07
29600 1.96989e-07
29700 2.10041e-07
29800 1.96065e-07
29900 1.99903e-07
30000 1.9609e-07
30100 1.97636e-07
30200 1.97023e-07
30300 1.97485e-07
30400 1.98885e-07
30500 2.03037e-07
30600 2.00461e-07
30700 2.11471e-07
30800 2.03997e-07
30900 2.02505e-07
31000 2.04394e-07
31100 2.07782e-07
31200 2.11701e-07
31300 1.96918e-07
31400 1.98085e-07
31500 1.98256e-07
31600 1.95512e-07
31700 1.95783e-07
31800 1.95141e-07
31900 1.95436e-07
32000 1.96937e-07
32100 1.98277e-07
32200 1.95825e-07
32300 1.95372e-07
32400 1.96215e-07
32500 1.98126e-07
32600 1.97342e-07
32700 2.00003e-07
32800 2.04427e-07
32900 2.03363e-07
33000 2.00139e-07
33100 2.02322e-07
33200 1.96143e-07
33300 1.97095e-07
33400 1.99638e-07
33500 1.97406e-07
33600 2.01133e-07
33700 2.08431e-07
33800 1.98659e-07
33900 1.97391e-07
34000 1.98266e-07
34100 1.9828e-07
34200 1.9445e-07
34300 2.00496e-07
34400 2.00357e-07
34500 2.00089e-07
34600 2.01567e-07
34700 1.96985e-07
34800 1.99856e-07
34900 2.06387e-07
35000 1.99002e-07
35100 1.98473e-07
35200 2.00355e-07
35300 2.03171e-07
35400 1.96927e-07
35500 1.97608e-07
35600 1.97776e-07
35700 1.96944e-07
35800 1.98046e-07
35900 2.01053e-07
36000 1.97868e-07
36100 1.95414e-07
36200 1.96795e-07
36300 1.98142e-07
36400 1.98178e-07
