100 1e-06
200 4e-06
300 1e-06
400 2e-06
500 1e-06
600 2e-06
700 2e-06
800 4e-06
900 5e-06
1000 2e-06
1100 2e-06
1200 3e-06
1300 1e-06
1400 1e-06
1500 1e-06
1600 1e-06
1700 1e-06
1800 1e-06
1900 1e-06
2000 1e-06
2100 3e-06
2200 3e-06
2300 1e-06
2400 2e-06
2500 1e-06
2600 2e-06
2700 4e-06
2800 1e-06
2900 2e-06
3000 1e-06
3100 2e-06
3200 2e-06
3300 1e-06
3400 1e-06
3500 2e-06
3600 3e-06
3700 2e-06
3800 3e-06
3900 1e-06
4000 1e-06
4100 1e-06
4200 1e-06
4300 2e-06
4400 2e-06
4500 3e-06
4600 4e-06
4700 1e-06
4800 3e-06
4900 2e-06
5000 1e-06
5100 4e-06
5200 2e-06
5300 2e-06
5400 1e-06
5500 2e-06
5600 4e-06
5700 1e-06
5800 3e-06
5900 3e-06
6000 2e-06
6100 1e-06
6200 2e-06
6300 2e-06
6400 1e-06
6500 2e-06
6600 2e-06
6700 2e-06
6800 2e-06
6900 3e-06
7000 3e-06
7100 2e-06
7200 4e-06
7300 3e-06
7400 2e-06
7500 2e-06
7600 1e-06
7700 1e-06
7800 2e-06
7900 3e-06
8000 2e-06
8100 2e-06
8200 2e-06
8300 2e-06
8400 2e-06
8500 1e-06
8600 1e-06
8700 2e-06
8800 2e-06
8900 2e-06
9000 1e-06
9100 4e-06
9200 2e-06
9300 1e-06
9400 2e-06
9500 2e-06
9600 2e-06
9700 2e-06
9800 1e-06
9900 1e-06
10000 2e-06
10100 2e-06
10200 2e-06
10300 2e-06
10400 2e-06
10500 3e-06
10600 1e-06
10700 1e-06
10800 1e-06
10900 2e-06
11000 2e-06
11100 1e-06
11200 2e-06
11300 2e-06
11400 2e-06
11500 3e-06
11600 4e-06
11700 2e-06
11800 2e-06
11900 2e-06
12000 1e-06
12100 1e-06
12200 2e-06
12300 3e-06
12400 1e-06
12500 3e-06
12600 2e-06
12700 3e-06
12800 2e-06
12900 2e-06
13000 2e-06
13100 4e-06
13200 2e-06
13300 2e-06
13400 3e-06
13500 2e-06
13600 3e-06
13700 2e-06
13800 3e-06
13900 3e-06
14000 2e-06
14100 2e-06
14200 2e-06
14300 3e-06
14400 3e-06
14500 2e-06
14600 2e-06
14700 2e-06
14800 2e-06
14900 5e-06
15000 2e-06
15100 3e-06
15200 3e-06
15300 1e-06
15400 3e-06
15500 2e-06
15600 2e-06
15700 3e-06
15800 2e-06
15900 2e-06
16000 2e-06
16100 2e-06
16200 2e-06
16300 2e-06
16400 2e-06
16500 2e-06
16600 2e-06
16700 4e-06
16800 3e-06
16900 2e-06
17000 3e-06
17100 2e-06
17200 2e-06
17300 1e-06
17400 2e-06
17500 2e-06
17600 2e-06
17700 2e-06
17800 2e-06
17900 2e-06
18000 2e-06
18100 1e-06
18200 2e-06
18300 2e-06
18400 2e-06
18500 4e-06
18600 2e-06
18700 3e-06
18800 2e-06
18900 2e-06
19000 5e-06
19100 2e-06
19200 3e-06
19300 2e-06
19400 4e-06
19500 3e-06
19600 1e-06
19700 2e-06
19800 2e-06
19900 2e-06
20000 2e-06
20100 1e-06
20200 2e-06
20300 2e-06
20400 3e-06
20500 2e-06
20600 3e-06
20700 2e-06
20800 2e-06
20900 2e-06
21000 1e-06
21100 2e-06
21200 6e-06
21300 2e-06
21400 2e-06
21500 2e-06
21600 2e-06
21700 2e-06
21800 2e-06
21900 3e-06
22000 3e-06
22100 3e-06
22200 4e-06
22300 3e-06
22400 2e-06
22500 2e-06
22600 4e-06
22700 3e-06
22800 2e-06
22900 3e-06
23000 3e-06
23100 3e-06
23200 2e-06
23300 2e-06
23400 6e-06
23500 2e-06
23600 2e-06
23700 2e-06
23800 5e-06
23900 2e-06
24000 2e-06
24100 3e-06
24200 4e-06
24300 3e-06
24400 4e-06
24500 2e-06
24600 3e-06
24700 3e-06
24800 2e-06
24900 2e-06
25000 5e-06
25100 2e-06
25200 2e-06
25300 3e-06
25400 2e-06
25500 2e-06
25600 3e-06
25700 2e-06
25800 3e-06
25900 7e-06
26000 2e-06
26100 3e-06
26200 2e-06
26300 4e-06
26400 3e-06
26500 5e-06
26600 2e-06
26700 2e-06
26800 1e-06
26900 2e-06
27000 2e-06
27100 3e-06
27200 3e-06
27300 3e-06
27400 2e-06
27500 2e-06
27600 3e-06
27700 1e-06
27800 2e-06
27900 2e-06
28000 2e-06
28100 6e-06
28200 2e-06
28300 5e-06
28400 3e-06
28500 2e-06
28600 2e-06
28700 2e-06
28800 2e-06
28900 5e-06
29000 2e-06
29100 3e-06
29200 3e-06
29300 3e-06
29400 3e-06
29500 3e-06
29600 2e-06
29700 3e-06
29800 2e-06
29900 2e-06
30000 2e-06
30100 6e-06
30200 2e-06
30300 4e-06
30400 2e-06
30500 4e-06
30600 2e-06
30700 2e-06
30800 3e-06
30900 4e-06
31000 3e-06
31100 3e-06
31200 1.6e-05
31300 3e-06
31400 2e-06
31500 2e-06
31600 9e-06
31700 2e-06
31800 6e-06
31900 2e-06
32000 3e-06
32100 4e-06
32200 2e-06
32300 2e-06
32400 2e-06
32500 3e-06
32600 4e-06
32700 3e-06
32800 3e-06
32900 3e-06
33000 4e-06
33100 4e-06
33200 4e-06
33300 2e-06
33400 3e-06
33500 3e-06
33600 3e-06
33700 3e-06
33800 4e-06
33900 3e-06
34000 4e-06
34100 4e-06
34200 3e-06
34300 2e-06
34400 3e-06
34500 2e-06
34600 2e-06
34700 4e-06
34800 3e-06
34900 3e-06
35000 2e-06
35100 3e-06
35200 3e-06
35300 3e-06
35400 2e-06
35500 3e-06
35600 3e-06
35700 2e-06
35800 3e-06
35900 6e-06
36000 2e-06
36100 2e-06
36200 4e-06
36300 3e-06
36400 3e-06
36500 3e-06
36600 3e-06
36700 3e-06
36800 3e-06
36900 3e-06
37000 3e-06
37100 3e-06
37200 3e-06
37300 3e-06
37400 3e-06
37500 4e-06
37600 2e-06
37700 5e-06
37800 2e-06
37900 3e-06
38000 1e-06
38100 3e-06
38200 3e-06
38300 3e-06
38400 4e-06
38500 3e-06
38600 3e-06
38700 4e-06
38800 4e-06
38900 2e-06
39000 4e-06
39100 3e-06
39200 2e-06
39300 4e-06
39400 3e-06
39500 3e-06
39600 5e-06
39700 3e-06
39800 2e-06
39900 2e-06
40000 5e-06
40100 4e-06
40200 4e-06
40300 3e-06
40400 3e-06
40500 7e-06
40600 3e-06
40700 5e-06
40800 3e-06
40900 4e-06
41000 2e-06
41100 2e-06
41200 2e-06
41300 3e-06
41400 6e-06
41500 5e-06
41600 4e-06
41700 3e-06
41800 3e-06
41900 4e-06
42000 2e-06
42100 3e-06
42200 3e-06
42300 3e-06
42400 4e-06
42500 4e-06
42600 3e-06
42700 2e-06
42800 3e-06
42900 6e-06
43000 3e-06
43100 3e-06
43200 3e-06
43300 3e-06
43400 4e-06
43500 2e-06
43600 3e-06
43700 4e-06
43800 3e-06
43900 2e-06
44000 4e-06
44100 3e-06
44200 5e-06
44300 6e-06
44400 3e-06
44500 5e-06
44600 3e-06
44700 3e-06
44800 3e-06
44900 3e-06
45000 5e-06
45100 3e-06
45200 6e-06
45300 3e-06
45400 3e-06
45500 3e-06
45600 5e-06
45700 5e-06
45800 4e-06
45900 3e-06
46000 4e-06
46100 7e-06
46200 3e-06
46300 7e-06
46400 3e-06
46500 3e-06
46600 5e-06
46700 4e-06
46800 3e-06
46900 5e-06
47000 4e-06
47100 4e-06
47200 3e-06
47300 4e-06
47400 4e-06
47500 5e-06
47600 5e-06
47700 5e-06
47800 3e-06
47900 3e-06
48000 4e-06
48100 4e-06
48200 4e-06
48300 3e-06
48400 4e-06
48500 4e-06
48600 3e-06
48700 3e-06
48800 3e-06
48900 3e-06
49000 3e-06
49100 5e-06
49200 3e-06
49300 3e-06
49400 3e-06
49500 7e-06
49600 4e-06
49700 3e-06
49800 4e-06
49900 3e-06
50000 3e-06
50100 3e-06
50200 3e-06
50300 3e-06
50400 5e-06
50500 4e-06
50600 3e-06
50700 6e-06
50800 7e-06
50900 2e-06
51000 3e-06
51100 3e-06
51200 3e-06
51300 3e-06
51400 3e-06
51500 4e-06
51600 3e-06
51700 3e-06
51800 4e-06
51900 4e-06
52000 5e-06
52100 3e-06
52200 8e-06
52300 3e-06
52400 5e-06
52500 3e-06
52600 5e-06
52700 4e-06
52800 4e-06
52900 4e-06
53000 4e-06
53100 3e-06
53200 4e-06
53300 3e-06
53400 5e-06
53500 3e-06
53600 5e-06
53700 7e-06
53800 4e-06
53900 4e-06
54000 4e-06
54100 4e-06
54200 4e-06
54300 4e-06
54400 6e-06
54500 3e-06
54600 5e-06
54700 5e-06
54800 5e-06
54900 5e-06
55000 4e-06
55100 4e-06
55200 4e-06
55300 4e-06
55400 6e-06
55500 5e-06
55600 3e-06
55700 5e-06
55800 4e-06
55900 4e-06
56000 5e-06
56100 8e-06
56200 2e-06
56300 5e-06
56400 4e-06
56500 4e-06
56600 3e-06
56700 5e-06
56800 3e-06
56900 4e-06
57000 6e-06
57100 5e-06
57200 3e-06
57300 7e-06
57400 5e-06
57500 4e-06
57600 7e-06
57700 2e-06
57800 7e-06
57900 3e-06
58000 4e-06
58100 4e-06
58200 5e-06
58300 5e-06
58400 6e-06
58500 3e-06
58600 5e-06
58700 4e-06
58800 4e-06
58900 4e-06
59000 4e-06
59100 7e-06
59200 5e-06
59300 4e-06
59400 5e-06
59500 7e-06
59600 6e-06
59700 4e-06
59800 3e-06
59900 4e-06
60000 4e-06
60100 4e-06
60200 4e-06
60300 4e-06
60400 5e-06
60500 3e-06
60600 5e-06
60700 4e-06
60800 5e-06
60900 6e-06
61000 4e-06
61100 3e-06
61200 4e-06
61300 4e-06
61400 3e-06
61500 4e-06
61600 4e-06
61700 4e-06
61800 5e-06
61900 5e-06
62000 5e-06
62100 3e-06
62200 4e-06
62300 4e-06
62400 4e-06
62500 3e-06
62600 8e-06
62700 3e-06
62800 4e-06
62900 3e-06
63000 5e-06
63100 4e-06
63200 4e-06
63300 6e-06
63400 4e-06
63500 5e-06
63600 4e-06
63700 4e-06
63800 5e-06
63900 1.3e-05
64000 3e-06
64100 2e-06
64200 4e-06
64300 5e-06
64400 7e-06
64500 7e-06
64600 3e-06
64700 4e-06
64800 4e-06
64900 4e-06
65000 4e-06
65100 5e-06
65200 6e-06
65300 3e-06
65400 4e-06
65500 4e-06
65600 6e-06
65700 4e-06
65800 6e-06
65900 4e-06
66000 4e-06
66100 3e-06
66200 5e-06
66300 5e-06
66400 5e-06
66500 6e-06
66600 4e-06
66700 5e-06
66800 3e-06
66900 6e-06
67000 3e-06
67100 6e-06
67200 7e-06
67300 4e-06
67400 4e-06
67500 4e-06
67600 3e-06
67700 3e-06
67800 4e-06
67900 4e-06
68000 4e-06
68100 8e-06
68200 8e-06
68300 3e-06
68400 4e-06
68500 4e-06
68600 3e-06
68700 6e-06
68800 3e-06
68900 7e-06
69000 1e-05
69100 4e-06
69200 4e-06
69300 4e-06
69400 6e-06
69500 4e-06
69600 4e-06
69700 4e-06
69800 4e-06
69900 7e-06
70000 6e-06
70100 5e-06
70200 6e-06
70300 6e-06
70400 6e-06
70500 4e-06
70600 4e-06
70700 6e-06
70800 6e-06
70900 4e-06
71000 4e-06
71100 5e-06
71200 4e-06
71300 5e-06
71400 6e-06
71500 6e-06
71600 6e-06
71700 5e-06
71800 6e-06
71900 4e-06
72000 4e-06
72100 4e-06
72200 7e-06
72300 3e-06
72400 4e-06
72500 6e-06
72600 5e-06
72700 6e-06
72800 5e-06
72900 5e-06
73000 6e-06
73100 6e-06
73200 4e-06
73300 4e-06
73400 6e-06
73500 2e-06
73600 4e-06
73700 4e-06
73800 7e-06
73900 4e-06
74000 4e-06
74100 7e-06
74200 4e-06
74300 4e-06
74400 4e-06
74500 5e-06
74600 5e-06
74700 4e-06
74800 4e-06
74900 5e-06
75000 4e-06
75100 5e-06
75200 7e-06
75300 6e-06
75400 6e-06
75500 7e-06
75600 4e-06
75700 6e-06
75800 4e-06
75900 6e-06
76000 3e-06
76100 1e-05
76200 5e-06
76300 8e-06
76400 6e-06
76500 6e-06
76600 6e-06
76700 6e-06
76800 5e-06
76900 4e-06
77000 4e-06
77100 5e-06
77200 6e-06
77300 5e-06
77400 6e-06
77500 4e-06
77600 5e-06
77700 6e-06
77800 8e-06
77900 5e-06
78000 4e-06
78100 4e-06
78200 5e-06
78300 4e-06
78400 6e-06
78500 4e-06
78600 4e-06
78700 5e-06
78800 4e-06
78900 5e-06
79000 5e-06
79100 3e-06
79200 3e-06
79300 4e-06
79400 5e-06
79500 3e-06
79600 6e-06
79700 4e-06
79800 5e-06
79900 4e-06
80000 4e-06
80100 5e-06
80200 3e-06
80300 4e-06
80400 5e-06
80500 5e-06
80600 4e-06
80700 5e-06
80800 6e-06
80900 5e-06
81000 6e-06
81100 4e-06
81200 7e-06
81300 6e-06
81400 5e-06
81500 5e-06
81600 5e-06
81700 4e-06
81800 7e-06
81900 7e-06
82000 6e-06
82100 4e-06
82200 5e-06
82300 4e-06
82400 4e-06
82500 5e-06
82600 5e-06
82700 5e-06
82800 6e-06
82900 7e-06
83000 4e-06
83100 7e-06
83200 5e-06
83300 5e-06
83400 8e-06
83500 6e-06
83600 4e-06
83700 6e-06
83800 1e-05
83900 4e-06
84000 5e-06
84100 5e-06
84200 4e-06
84300 6e-06
84400 5e-06
84500 5e-06
84600 5e-06
84700 5e-06
84800 6e-06
84900 5e-06
85000 5e-06
85100 7e-06
85200 8e-06
85300 8e-06
85400 5e-06
85500 7e-06
85600 7e-06
85700 5e-06
85800 6e-06
85900 3e-06
86000 4e-06
86100 5e-06
86200 7e-06
86300 9e-06
86400 4e-06
86500 7e-06
86600 3e-06
86700 5e-06
86800 6e-06
86900 3e-06
87000 4e-06
87100 7e-06
87200 5e-06
87300 5e-06
87400 9e-06
87500 5e-06
87600 4e-06
87700 4e-06
87800 7e-06
87900 5e-06
88000 7e-06
88100 1.3e-05
88200 7e-06
88300 5e-06
88400 5e-06
88500 6e-06
88600 3e-06
88700 3e-06
88800 5e-06
88900 5e-06
89000 5e-06
89100 4e-06
89200 1e-05
89300 5e-06
89400 5e-06
89500 7e-06
89600 8e-06
89700 7e-06
89800 1.2e-05
89900 7e-06
90000 7e-06
90100 5e-06
90200 5e-06
90300 7e-06
90400 9e-06
90500 5e-06
90600 7e-06
90700 4e-06
90800 5e-06
90900 7e-06
91000 3e-06
91100 3e-06
91200 6e-06
91300 8e-06
91400 5e-06
91500 8e-06
91600 7e-06
91700 5e-06
91800 5e-06
91900 6e-06
92000 5e-06
92100 8e-06
92200 6e-06
92300 5e-06
92400 8e-06
92500 7e-06
92600 6e-06
92700 8e-06
92800 5e-06
92900 5e-06
93000 3e-06
93100 5e-06
93200 5e-06
93300 5e-06
93400 4e-06
93500 5e-06
93600 6e-06
93700 5e-06
93800 5e-06
93900 8e-06
94000 5e-06
94100 1.4e-05
94200 5e-06
94300 1.1e-05
94400 5e-06
94500 7e-06
94600 8e-06
94700 1e-05
94800 5e-06
94900 9e-06
95000 5e-06
95100 5e-06
95200 5e-06
95300 7e-06
95400 9e-06
95500 7e-06
95600 5e-06
95700 9e-06
95800 5e-06
95900 7e-06
96000 7e-06
96100 6e-06
96200 7e-06
96300 5e-06
96400 6e-06
96500 5e-06
96600 4e-06
96700 8e-06
96800 7e-06
96900 6e-06
97000 7e-06
97100 5e-06
97200 7e-06
97300 5e-06
97400 5e-06
97500 6e-06
97600 1.1e-05
97700 4e-06
97800 7e-06
97900 5e-06
98000 8e-06
98100 8e-06
98200 5e-06
98300 6e-06
98400 6e-06
98500 7e-06
98600 5e-06
98700 5e-06
98800 8e-06
98900 7e-06
99000 6e-06
99100 1.1e-05
99200 6e-06
99300 8e-06
99400 5e-06
99500 5e-06
99600 5e-06
99700 6e-06
99800 6e-06
99900 5e-06
100000 7e-06
100100 6e-06
100200 7e-06
100300 9e-06
100400 8e-06
100500 5e-06
100600 5e-06
100700 7e-06
100800 8e-06
100900 5e-06
101000 8e-06
101100 8e-06
101200 5e-06
101300 8e-06
101400 9e-06
101500 7e-06
101600 4e-06
101700 3e-06
101800 9e-06
101900 5e-06
102000 6e-06
102100 5e-06
102200 4e-06
102300 7e-06
102400 5e-06
102500 1.9e-05
102600 6e-06
102700 7e-06
102800 7e-06
102900 7e-06
103000 5e-06
103100 6e-06
103200 5e-06
103300 5e-06
103400 5e-06
103500 8e-06
103600 6e-06
103700 4e-06
103800 6e-06
103900 8e-06
104000 8e-06
104100 6e-06
104200 5e-06
104300 7e-06
104400 5e-06
104500 5e-06
104600 4e-06
104700 7e-06
104800 9e-06
104900 8e-06
105000 6e-06
105100 5e-06
105200 8e-06
105300 6e-06
105400 5e-06
105500 6e-06
105600 6e-06
105700 9e-06
105800 7e-06
105900 4e-06
106000 3e-06
106100 7e-06
106200 6e-06
106300 8e-06
106400 6e-06
106500 6e-06
106600 1.5e-05
106700 6e-06
106800 5e-06
106900 5e-06
107000 6e-06
107100 5e-06
107200 4e-06
107300 7e-06
107400 8e-06
107500 5e-06
107600 7e-06
107700 6e-06
107800 1.4e-05
107900 5e-06
108000 5e-06
108100 9e-06
108200 5e-06
108300 8e-06
108400 5e-06
108500 6e-06
108600 5e-06
108700 4e-06
108800 8e-06
108900 6e-06
109000 6e-06
109100 6e-06
109200 7e-06
109300 6e-06
109400 6e-06
109500 6e-06
109600 9e-06
109700 7e-06
109800 9e-06
109900 5e-06
110000 6e-06
110100 5e-06
110200 6e-06
110300 6e-06
110400 4e-06
110500 4e-06
110600 6e-06
110700 9e-06
110800 6e-06
110900 1e-05
111000 7e-06
111100 6e-06
111200 6e-06
111300 6e-06
111400 6e-06
111500 1.1e-05
111600 6e-06
111700 4e-06
111800 6e-06
111900 8e-06
112000 6e-06
112100 8e-06
112200 4e-06
112300 8e-06
112400 6e-06
112500 5e-06
112600 6e-06
112700 6e-06
112800 6e-06
112900 5e-06
113000 8e-06
113100 4e-06
113200 5e-06
113300 6e-06
113400 7e-06
113500 6e-06
113600 7e-06
113700 1e-05
113800 6e-06
113900 6e-06
114000 9e-06
114100 6e-06
114200 6e-06
114300 9e-06
114400 6e-06
114500 6e-06
114600 7e-06
114700 4e-06
114800 4e-06
114900 6e-06
115000 6e-06
115100 6e-06
115200 6e-06
115300 6e-06
115400 6e-06
115500 6e-06
115600 1.4e-05
115700 6e-06
115800 7e-06
115900 7e-06
116000 6e-06
116100 4e-06
116200 6e-06
116300 6e-06
116400 6e-06
116500 7e-06
116600 8e-06
116700 7e-06
116800 4e-06
116900 6e-06
117000 9e-06
117100 4e-06
117200 8e-06
117300 7e-06
117400 8e-06
117500 6e-06
117600 7e-06
117700 8e-06
117800 8e-06
117900 6e-06
118000 3e-06
118100 9e-06
118200 9e-06
118300 7e-06
118400 7e-06
118500 9e-06
118600 6e-06
118700 1e-05
118800 6e-06
118900 6e-06
119000 7e-06
119100 6e-06
119200 6e-06
119300 6e-06
119400 6e-06
119500 6e-06
119600 6e-06
119700 4e-06
119800 7e-06
119900 6e-06
120000 6e-06
120100 6e-06
120200 7e-06
120300 8e-06
120400 9e-06
120500 6e-06
120600 9e-06
120700 7e-06
120800 6e-06
120900 6e-06
121000 7e-06
121100 8e-06
121200 7e-06
121300 8e-06
121400 1.3e-05
121500 7e-06
121600 1e-05
121700 6e-06
121800 7e-06
121900 4e-06
122000 4e-06
122100 6e-06
122200 6e-06
122300 1e-05
122400 6e-06
122500 7e-06
122600 7e-06
122700 8e-06
122800 6e-06
122900 7e-06
123000 6e-06
123100 7e-06
123200 8e-06
123300 6e-06
123400 7e-06
123500 1e-05
123600 1.1e-05
123700 6e-06
123800 1.3e-05
123900 7e-06
124000 8e-06
124100 7e-06
124200 9e-06
124300 1e-05
124400 5e-06
124500 6e-06
124600 4e-06
124700 9e-06
124800 1.3e-05
124900 7e-06
125000 8e-06
125100 6e-06
125200 6e-06
125300 4e-06
125400 6e-06
125500 6e-06
125600 7e-06
125700 1.1e-05
125800 8e-06
125900 9e-06
126000 6e-06
126100 8e-06
126200 4e-06
126300 4e-06
126400 7e-06
126500 1.3e-05
126600 7e-06
126700 6e-06
126800 7e-06
126900 6e-06
127000 6e-06
127100 9e-06
127200 5e-06
127300 1.2e-05
127400 9e-06
127500 6e-06
127600 7e-06
127700 1e-05
127800 6e-06
127900 1e-05
128000 7e-06
128100 1e-05
128200 1e-05
128300 1.2e-05
128400 7e-06
128500 9e-06
128600 7e-06
128700 7e-06
128800 1.5e-05
128900 1e-05
129000 7e-06
129100 4e-06
129200 4e-06
129300 5e-06
129400 4e-06
129500 5e-06
129600 4e-06
129700 1e-05
129800 7e-06
129900 4e-06
130000 9e-06
130100 6e-06
130200 5e-06
130300 9e-06
130400 1e-05
130500 7e-06
130600 9e-06
130700 7e-06
130800 7e-06
130900 7e-06
131000 7e-06
131100 1e-05
131200 1.4e-05
131300 7e-06
131400 9e-06
131500 6e-06
131600 9e-06
131700 5e-06
131800 9e-06
131900 7e-06
132000 8e-06
132100 7e-06
132200 4e-06
132300 1e-05
132400 1e-05
132500 1.1e-05
132600 6e-06
132700 9e-06
132800 7e-06
132900 7e-06
133000 8e-06
133100 7e-06
133200 1.1e-05
133300 7e-06
133400 6e-06
133500 1e-05
133600 7e-06
133700 7e-06
133800 7e-06
133900 7e-06
134000 7e-06
134100 4e-06
134200 1.2e-05
134300 7e-06
134400 8e-06
134500 9e-06
134600 5e-06
134700 4e-06
134800 8e-06
134900 7e-06
135000 5e-06
135100 7e-06
135200 1.1e-05
135300 7e-06
135400 1e-05
135500 8e-06
135600 7e-06
135700 7e-06
135800 7e-06
135900 1.2e-05
136000 9e-06
136100 1.1e-05
136200 7e-06
136300 6e-06
136400 7e-06
136500 7e-06
136600 1e-05
136700 9e-06
136800 1e-05
136900 4e-06
137000 7e-06
137100 5e-06
137200 1.2e-05
137300 9e-06
137400 9e-06
137500 8e-06
137600 7e-06
137700 8e-06
137800 1e-05
137900 7e-06
138000 7e-06
138100 7e-06
138200 7e-06
138300 8e-06
138400 1.1e-05
138500 8e-06
138600 1.3e-05
138700 7e-06
138800 7e-06
138900 1e-05
139000 7e-06
139100 8e-06
139200 1.1e-05
139300 8e-06
139400 1.2e-05
139500 7e-06
139600 5e-06
139700 7e-06
139800 7e-06
139900 1e-05
140000 8e-06
140100 8e-06
140200 7e-06
140300 7e-06
140400 8e-06
140500 7e-06
140600 9e-06
140700 5e-06
140800 7e-06
140900 8e-06
141000 7e-06
141100 8e-06
141200 1e-05
141300 7e-06
141400 9e-06
141500 8e-06
141600 6e-06
141700 7e-06
141800 1e-05
141900 1.3e-05
142000 1.1e-05
142100 7e-06
142200 1.2e-05
142300 8e-06
142400 9e-06
142500 8e-06
142600 1.1e-05
142700 7e-06
142800 7e-06
142900 9e-06
143000 7e-06
143100 1.3e-05
143200 1e-05
143300 1.2e-05
143400 1e-05
143500 7e-06
143600 7e-06
143700 5e-06
143800 9e-06
143900 7e-06
144000 6e-06
144100 4e-06
144200 1.1e-05
144300 9e-06
144400 1.2e-05
144500 1e-05
144600 9e-06
144700 1e-05
144800 9e-06
144900 5e-06
145000 5e-06
145100 9e-06
145200 1.7e-05
145300 8e-06
145400 8e-06
145500 9e-06
145600 8e-06
145700 7e-06
145800 9e-06
145900 7e-06
146000 7e-06
146100 6e-06
146200 8e-06
146300 1.1e-05
146400 1.4e-05
146500 1.3e-05
146600 8e-06
146700 7e-06
146800 8e-06
146900 8e-06
147000 8e-06
147100 8e-06
147200 2.1e-05
147300 6e-06
147400 7e-06
147500 8e-06
147600 7e-06
147700 8e-06
147800 7e-06
147900 8e-06
148000 9e-06
148100 8e-06
148200 8e-06
148300 7e-06
148400 1.3e-05
148500 5e-06
148600 1.1e-05
148700 1.5e-05
148800 1.3e-05
148900 8e-06
149000 1.1e-05
149100 5e-06
149200 1.1e-05
149300 8e-06
149400 1e-05
149500 8e-06
149600 8e-06
149700 9e-06
149800 8e-06
149900 8e-06
150000 1e-05
150100 8e-06
150200 1e-05
150300 9e-06
150400 9e-06
150500 1e-05
150600 1.1e-05
150700 7e-06
150800 7e-06
150900 8e-06
151000 9e-06
151100 6e-06
151200 1.1e-05
151300 1.5e-05
151400 1e-05
151500 1e-05
151600 5e-06
151700 7e-06
151800 1.2e-05
151900 8e-06
152000 8e-06
152100 8e-06
152200 8e-06
152300 1.1e-05
152400 8e-06
152500 8e-06
152600 8e-06
152700 1.1e-05
152800 1e-05
152900 1e-05
153000 8e-06
153100 7e-06
153200 8e-06
153300 9e-06
153400 8e-06
153500 8e-06
153600 9e-06
153700 8e-06
153800 8e-06
153900 5e-06
154000 1e-05
154100 1.3e-05
154200 9e-06
154300 7e-06
154400 1.4e-05
154500 1.2e-05
154600 8e-06
154700 7e-06
154800 8e-06
154900 1.1e-05
155000 8e-06
155100 1e-05
155200 7e-06
155300 5e-06
155400 5e-06
155500 8e-06
155600 8e-06
155700 5e-06
155800 6e-06
155900 1.1e-05
156000 1.4e-05
156100 8e-06
156200 1.8e-05
156300 8e-06
156400 6e-06
156500 8e-06
156600 8e-06
156700 1.1e-05
156800 8e-06
156900 8e-06
157000 1.4e-05
157100 1.4e-05
157200 1.5e-05
157300 1.2e-05
157400 1.2e-05
157500 8e-06
157600 6e-06
157700 6e-06
157800 9e-06
157900 6e-06
158000 8e-06
158100 8e-06
158200 1e-05
158300 9e-06
158400 1.1e-05
158500 8e-06
158600 8e-06
158700 7e-06
158800 9e-06
158900 8e-06
159000 8e-06
159100 9e-06
159200 9e-06
159300 1e-05
159400 1e-05
159500 8e-06
159600 1e-05
159700 8e-06
159800 6e-06
159900 1e-05
160000 1.3e-05
160100 1.2e-05
160200 6e-06
160300 8e-06
160400 7e-06
160500 8e-06
160600 1.1e-05
160700 1e-05
160800 1e-05
160900 9e-06
161000 1.2e-05
161100 8e-06
161200 8e-06
161300 1.2e-05
161400 8e-06
161500 1.4e-05
161600 9e-06
161700 8e-06
161800 6e-06
161900 7e-06
162000 1.2e-05
162100 9e-06
162200 6e-06
162300 5e-06
162400 6e-06
162500 1.7e-05
162600 1.1e-05
162700 5e-06
162800 1.4e-05
162900 1.2e-05
163000 1.1e-05
163100 1.2e-05
163200 8e-06
163300 9e-06
163400 9e-06
163500 1e-05
163600 1.4e-05
163700 6e-06
163800 6e-06
163900 6e-06
164000 7e-06
164100 6e-06
164200 6e-06
164300 1.5e-05
164400 9e-06
164500 7e-06
164600 6e-06
164700 7e-06
164800 6e-06
164900 1.1e-05
165000 9e-06
165100 1.1e-05
165200 1.2e-05
165300 1.2e-05
165400 9e-06
165500 8e-06
165600 1e-05
165700 8e-06
165800 8e-06
165900 9e-06
166000 1.1e-05
166100 8e-06
166200 9e-06
166300 9e-06
166400 1.4e-05
166500 9e-06
166600 1e-05
166700 8e-06
166800 1.3e-05
166900 8e-06
167000 8e-06
167100 1e-05
167200 8e-06
167300 1.1e-05
167400 9e-06
167500 9e-06
167600 1.2e-05
167700 9e-06
167800 9e-06
167900 1.3e-05
168000 1.1e-05
168100 9e-06
168200 1e-05
168300 1.2e-05
168400 1.3e-05
168500 8e-06
168600 1.2e-05
168700 9e-06
168800 1e-05
168900 1.4e-05
169000 9e-06
169100 9e-06
169200 1.3e-05
169300 9e-06
169400 9e-06
169500 6e-06
169600 9e-06
169700 1.1e-05
169800 1.3e-05
169900 1.1e-05
170000 9e-06
170100 9e-06
170200 1.1e-05
170300 6e-06
170400 9e-06
170500 1.1e-05
170600 1.4e-05
170700 1.2e-05
170800 1.9e-05
170900 1.2e-05
171000 1.4e-05
171100 9e-06
171200 1e-05
171300 1.2e-05
171400 1.1e-05
171500 1.2e-05
171600 9e-06
171700 8e-06
171800 1.2e-05
171900 1.3e-05
172000 1.6e-05
172100 1e-05
172200 9e-06
172300 1.1e-05
172400 1e-05
172500 9e-06
172600 8e-06
172700 1.4e-05
172800 1e-05
172900 6e-06
173000 1e-05
173100 9e-06
173200 1.3e-05
173300 6e-06
173400 9e-06
173500 1.1e-05
173600 1e-05
173700 9e-06
173800 7e-06
173900 6e-06
174000 6e-06
174100 1.2e-05
174200 1e-05
174300 1.1e-05
174400 9e-06
174500 1e-05
174600 9e-06
174700 9e-06
174800 9e-06
174900 6e-06
175000 1.3e-05
175100 9e-06
175200 1.5e-05
175300 9e-06
175400 6e-06
175500 8e-06
175600 9e-06
175700 9e-06
175800 1e-05
175900 9e-06
176000 9e-06
176100 1e-05
176200 9e-06
176300 9e-06
176400 9e-06
176500 8e-06
176600 1.2e-05
176700 2.1e-05
176800 1e-05
176900 7e-06
177000 1.3e-05
177100 1.1e-05
177200 9e-06
177300 1e-05
177400 1.8e-05
177500 1e-05
177600 1.5e-05
177700 1.1e-05
177800 9e-06
177900 1.1e-05
178000 2.1e-05
178100 1.3e-05
178200 1e-05
178300 9e-06
178400 1.2e-05
178500 1.4e-05
178600 9e-06
178700 1.6e-05
178800 6e-06
178900 6e-06
179000 6e-06
179100 1.4e-05
179200 1e-05
179300 9e-06
179400 9e-06
179500 9e-06
179600 9e-06
179700 8e-06
179800 9e-06
179900 9e-06
180000 1.3e-05
180100 1e-05
180200 9e-06
180300 1e-05
180400 1e-05
180500 1e-05
180600 9e-06
180700 1.1e-05
180800 9e-06
180900 1e-05
181000 1.1e-05
181100 9e-06
181200 9e-06
181300 1e-05
181400 9e-06
181500 1e-05
181600 6e-06
181700 1e-05
181800 1.2e-05
181900 1.4e-05
182000 9e-06
182100 1e-05
182200 1.2e-05
182300 1.3e-05
182400 1e-05
182500 1e-05
182600 1.8e-05
182700 1.4e-05
182800 1e-05
182900 7e-06
183000 7e-06
183100 1e-05
183200 6e-06
183300 9e-06
183400 1.1e-05
183500 1.2e-05
183600 1.1e-05
183700 6e-06
183800 9e-06
183900 6e-06
184000 1.1e-05
184100 1e-05
184200 2.4e-05
184300 1.2e-05
184400 9e-06
184500 9e-06
184600 9e-06
184700 6e-06
184800 1.2e-05
184900 1.5e-05
185000 1.4e-05
185100 9e-06
185200 1.1e-05
185300 9e-06
185400 9e-06
185500 1.5e-05
185600 1.4e-05
185700 6e-06
185800 1.1e-05
185900 1e-05
186000 1e-05
186100 1.1e-05
186200 1.4e-05
186300 1e-05
186400 8e-06
186500 1.3e-05
186600 1.2e-05
186700 1e-05
186800 1e-05
186900 1e-05
187000 1.4e-05
187100 7e-06
187200 1.4e-05
187300 1e-05
187400 1e-05
187500 1e-05
187600 1.5e-05
187700 1.5e-05
187800 1e-05
187900 1.7e-05
188000 1.5e-05
188100 1.1e-05
188200 1.5e-05
188300 9e-06
188400 9e-06
188500 1.2e-05
188600 9e-06
188700 1.1e-05
188800 1e-05
188900 9e-06
189000 9e-06
189100 8e-06
189200 1e-05
189300 1e-05
189400 9e-06
189500 9e-06
189600 1.2e-05
189700 1e-05
189800 1e-05
189900 6e-06
190000 8e-06
190100 9e-06
190200 1.4e-05
190300 1.4e-05
190400 1.1e-05
190500 1e-05
190600 9e-06
190700 1e-05
190800 1.5e-05
190900 1e-05
191000 1.4e-05
191100 1e-05
191200 1e-05
191300 1.4e-05
191400 1.3e-05
191500 1.4e-05
191600 1e-05
191700 1.5e-05
191800 8e-06
191900 1.3e-05
192000 1.1e-05
192100 1.1e-05
192200 1.4e-05
192300 1.3e-05
192400 1e-05
192500 1e-05
192600 1.9e-05
192700 1e-05
192800 1.1e-05
192900 1.1e-05
193000 1e-05
193100 9e-06
193200 1e-05
193300 1e-05
193400 1e-05
193500 1e-05
193600 1e-05
193700 1.3e-05
193800 1.2e-05
193900 1.2e-05
194000 1.3e-05
194100 1e-05
194200 1.5e-05
194300 7e-06
194400 1e-05
194500 1.3e-05
194600 1.6e-05
194700 6e-06
194800 7e-06
194900 7e-06
195000 6e-06
195100 1.6e-05
195200 1e-05
195300 1e-05
195400 1.4e-05
195500 7e-06
195600 1.3e-05
195700 9e-06
195800 9e-06
195900 1.1e-05
196000 1.6e-05
196100 1.1e-05
196200 1.1e-05
196300 1e-05
196400 1.2e-05
196500 1.4e-05
196600 1e-05
196700 1e-05
196800 1.1e-05
196900 9e-06
197000 1.1e-05
197100 1e-05
197200 1e-05
197300 1.6e-05
197400 1.1e-05
197500 1.4e-05
197600 1.1e-05
197700 1.1e-05
197800 1.4e-05
197900 1.3e-05
198000 1.1e-05
198100 1.6e-05
198200 1.8e-05
198300 1.1e-05
198400 4.1e-05
198500 1e-05
198600 9e-06
198700 1e-05
198800 1e-05
198900 1.5e-05
199000 1.1e-05
199100 7e-06
199200 7e-06
199300 7e-06
199400 1e-05
199500 1.4e-05
199600 1.3e-05
199700 7e-06
199800 7e-06
199900 7e-06
200000 1.4e-05
200100 1.1e-05
200200 1.1e-05
200300 1e-05
200400 1e-05
200500 1.1e-05
200600 1e-05
200700 1.2e-05
200800 1.3e-05
200900 1.6e-05
201000 1.5e-05
201100 1.4e-05
201200 1.1e-05
201300 1e-05
201400 1.1e-05
201500 1.1e-05
201600 1.4e-05
201700 1.4e-05
201800 1e-05
201900 1.5e-05
202000 1e-05
202100 1.4e-05
202200 1.1e-05
202300 1e-05
202400 2.1e-05
202500 1.1e-05
202600 1.4e-05
202700 1e-05
202800 1e-05
202900 1e-05
203000 7e-06
203100 7e-06
203200 7e-06
203300 1.9e-05
203400 1e-05
203500 1e-05
203600 7e-06
203700 1e-05
203800 6e-06
203900 1.6e-05
204000 1.1e-05
204100 2.3e-05
204200 1.5e-05
204300 1e-05
204400 1e-05
204500 1e-05
204600 1.5e-05
204700 1.1e-05
204800 1.4e-05
204900 1e-05
205000 1.6e-05
205100 1.6e-05
205200 1.5e-05
205300 1e-05
205400 1.3e-05
205500 1.1e-05
205600 1.1e-05
205700 1.1e-05
205800 1.3e-05
205900 1e-05
206000 7e-06
206100 1.1e-05
206200 1.1e-05
206300 1.6e-05
206400 8e-06
206500 1.6e-05
206600 1.1e-05
206700 1e-05
206800 1.5e-05
206900 1.1e-05
207000 1e-05
207100 1.1e-05
207200 1.2e-05
207300 1.6e-05
207400 1.2e-05
207500 1.2e-05
207600 1.1e-05
207700 1.2e-05
207800 7e-06
207900 1.1e-05
208000 1.1e-05
208100 1.1e-05
208200 1.5e-05
208300 1.3e-05
208400 1.3e-05
208500 1.4e-05
208600 1.1e-05
208700 1.2e-05
208800 1.2e-05
208900 7e-06
209000 1.8e-05
209100 1.3e-05
209200 1.1e-05
209300 8e-06
209400 1.1e-05
209500 1e-05
209600 1.1e-05
209700 1.1e-05
209800 7e-06
209900 1.5e-05
210000 1.2e-05
210100 1.2e-05
210200 1.5e-05
210300 1.1e-05
210400 7e-06
210500 1.1e-05
210600 1.3e-05
210700 1.6e-05
210800 1e-05
210900 1.1e-05
211000 1.1e-05
211100 1.3e-05
211200 7e-06
211300 7e-06
211400 1e-05
211500 1.1e-05
211600 1e-05
211700 1.6e-05
211800 1.4e-05
211900 1.4e-05
212000 1.1e-05
212100 1.4e-05
212200 1.1e-05
212300 1.1e-05
212400 7e-06
212500 1e-05
212600 7e-06
212700 1.6e-05
212800 7e-06
212900 1.1e-05
213000 9e-06
213100 1.7e-05
213200 1e-05
213300 1e-05
213400 1.1e-05
213500 1.4e-05
213600 1.2e-05
213700 1.2e-05
213800 1.1e-05
213900 1.3e-05
214000 1.5e-05
214100 1.2e-05
214200 1e-05
214300 1.9e-05
214400 1.2e-05
214500 1.1e-05
214600 8e-06
214700 1e-05
214800 1.1e-05
214900 2.2e-05
215000 1.2e-05
215100 1.1e-05
215200 1.2e-05
215300 1.1e-05
215400 1.2e-05
215500 1.4e-05
215600 1e-05
215700 1.4e-05
215800 1e-05
215900 1.4e-05
216000 1.2e-05
216100 7e-06
216200 1.7e-05
216300 1.1e-05
216400 9e-06
216500 1.6e-05
216600 1.1e-05
216700 1.8e-05
216800 1.1e-05
216900 8e-06
217000 1.6e-05
217100 1.1e-05
217200 1.1e-05
217300 1.2e-05
217400 1.2e-05
217500 1.1e-05
217600 1.1e-05
217700 2.2e-05
217800 1.1e-05
217900 1.4e-05
218000 1e-05
218100 1e-05
218200 1.2e-05
218300 1.6e-05
218400 8e-06
218500 1e-05
218600 1.2e-05
218700 2e-05
218800 1.4e-05
218900 1.1e-05
219000 1e-05
219100 8e-06
219200 1.2e-05
219300 1.8e-05
219400 1.2e-05
219500 1.1e-05
219600 1.4e-05
219700 1.8e-05
219800 1.4e-05
219900 1.2e-05
220000 1.5e-05
220100 1.5e-05
220200 2.1e-05
220300 1.2e-05
220400 1.1e-05
220500 1.1e-05
220600 1.1e-05
220700 1.6e-05
220800 1.6e-05
220900 1.2e-05
221000 1.2e-05
221100 1.5e-05
221200 1.4e-05
221300 1.8e-05
221400 1.1e-05
221500 1.1e-05
221600 1.2e-05
221700 1.2e-05
221800 1.6e-05
221900 1.2e-05
222000 1.1e-05
222100 7e-06
222200 1.7e-05
222300 1.7e-05
222400 1.1e-05
222500 1.8e-05
222600 9e-06
222700 8e-06
222800 1.1e-05
222900 1.1e-05
223000 1.2e-05
223100 1.9e-05
223200 1.2e-05
223300 1.4e-05
223400 1.2e-05
223500 1.7e-05
223600 2.4e-05
223700 1.4e-05
223800 1.4e-05
223900 7e-06
224000 1.7e-05
224100 1.2e-05
224200 8e-06
224300 1.1e-05
224400 1.4e-05
224500 8e-06
224600 9e-06
224700 9e-06
224800 1.3e-05
224900 1.1e-05
225000 1.3e-05
225100 1.1e-05
225200 1.3e-05
225300 1.9e-05
225400 1.1e-05
225500 1.5e-05
225600 1.5e-05
225700 1.1e-05
225800 1.4e-05
225900 1.1e-05
226000 1.4e-05
226100 7e-06
226200 1.5e-05
226300 1.2e-05
226400 2.5e-05
226500 1.1e-05
226600 1.2e-05
226700 1.3e-05
226800 8e-06
226900 1.4e-05
227000 1.7e-05
227100 1.2e-05
227200 1.3e-05
227300 8e-06
227400 8e-06
227500 8e-06
227600 1.1e-05
227700 8e-06
227800 1.6e-05
227900 1.3e-05
228000 1.2e-05
228100 1.2e-05
228200 1.2e-05
228300 1.3e-05
228400 1.3e-05
228500 1.1e-05
228600 1.2e-05
228700 1.3e-05
228800 1.2e-05
228900 1.2e-05
229000 1.3e-05
229100 1.2e-05
229200 1.1e-05
229300 1.8e-05
229400 1.6e-05
229500 1.3e-05
229600 1.2e-05
229700 1.2e-05
229800 1.5e-05
229900 1.3e-05
230000 2.1e-05
230100 2.4e-05
230200 1.1e-05
230300 1.3e-05
230400 1.2e-05
230500 1.7e-05
230600 1.2e-05
230700 1.2e-05
230800 1.2e-05
230900 1.4e-05
231000 9e-06
231100 1.3e-05
231200 8e-06
231300 1.2e-05
231400 1.2e-05
231500 1.4e-05
231600 1.2e-05
231700 1.4e-05
231800 8e-06
231900 8e-06
232000 8e-06
232100 2.7e-05
232200 1.2e-05
232300 1.8e-05
232400 8e-06
232500 8e-06
232600 1.2e-05
232700 1.8e-05
232800 1.9e-05
232900 2.1e-05
233000 1.7e-05
233100 1.2e-05
233200 1.4e-05
233300 1.3e-05
233400 1.9e-05
233500 1.4e-05
233600 1.3e-05
233700 1.2e-05
233800 1.2e-05
233900 1.2e-05
234000 1.1e-05
234100 1.2e-05
234200 2.3e-05
234300 9e-06
234400 8e-06
234500 8e-06
234600 9e-06
234700 1.6e-05
234800 2e-05
234900 1.1e-05
235000 1.7e-05
235100 1.1e-05
235200 1.2e-05
235300 9e-06
235400 1.6e-05
235500 2e-05
235600 1.2e-05
235700 1.2e-05
235800 1.9e-05
235900 8e-06
236000 1.2e-05
236100 1.8e-05
236200 1.2e-05
236300 1.2e-05
236400 1.2e-05
236500 2.2e-05
236600 9e-06
236700 9e-06
236800 1.6e-05
236900 1.2e-05
237000 1.5e-05
237100 8e-06
237200 9e-06
237300 8e-06
237400 1.3e-05
237500 1.4e-05
237600 1.3e-05
237700 1.6e-05
237800 1.3e-05
237900 1.3e-05
238000 1.5e-05
238100 1.2e-05
238200 1.2e-05
238300 1.2e-05
238400 1.9e-05
238500 1.8e-05
238600 1.2e-05
238700 8e-06
238800 8e-06
238900 1.6e-05
239000 9e-06
239100 8e-06
239200 1.3e-05
239300 1.2e-05
239400 1.3e-05
239500 8e-06
239600 8e-06
239700 8e-06
239800 1.2e-05
239900 2.1e-05
240000 1.3e-05
240100 1.8e-05
240200 1.3e-05
240300 1.2e-05
240400 1.5e-05
240500 1.4e-05
240600 1.8e-05
240700 1.6e-05
240800 1.8e-05
240900 9e-06
241000 8e-06
241100 8e-06
241200 1.2e-05
241300 2e-05
241400 1e-05
241500 9e-06
241600 2e-05
241700 1.2e-05
241800 1.3e-05
241900 1.2e-05
242000 2.1e-05
242100 1.3e-05
242200 1.2e-05
242300 9e-06
242400 1e-05
242500 8e-06
242600 1.4e-05
242700 8e-06
242800 1.8e-05
242900 1.2e-05
243000 1.3e-05
243100 1.3e-05
243200 1.3e-05
243300 1.3e-05
243400 2.1e-05
243500 1.2e-05
243600 1.2e-05
243700 1.2e-05
243800 1.2e-05
243900 8e-06
244000 9e-06
244100 1.9e-05
244200 1.9e-05
244300 1.3e-05
244400 1.1e-05
244500 1.4e-05
244600 1.5e-05
244700 1.3e-05
244800 1.3e-05
244900 2e-05
245000 1.4e-05
245100 1.4e-05
245200 1.5e-05
245300 8e-06
245400 8e-06
245500 2.5e-05
245600 1.2e-05
245700 1.6e-05
245800 1.4e-05
245900 9e-06
246000 1.5e-05
246100 1.4e-05
246200 1.2e-05
246300 1.3e-05
246400 1.7e-05
246500 1.6e-05
246600 2.1e-05
246700 1.2e-05
246800 1.5e-05
246900 1.4e-05
247000 1.2e-05
247100 1.4e-05
247200 1.9e-05
247300 9e-06
247400 1.5e-05
247500 1.3e-05
247600 1.2e-05
247700 1.2e-05
247800 1.3e-05
247900 9e-06
248000 1e-05
248100 1.2e-05
248200 1.3e-05
248300 1.8e-05
248400 1.2e-05
248500 1.6e-05
248600 1.5e-05
248700 1.3e-05
248800 1.3e-05
248900 1.5e-05
249000 1.6e-05
249100 1.1e-05
249200 8e-06
249300 1.3e-05
249400 1.7e-05
249500 1.3e-05
249600 1.4e-05
249700 1.6e-05
249800 1.3e-05
249900 1.8e-05
250000 1.2e-05
250100 1.7e-05
250200 1.2e-05
250300 1.5e-05
250400 1.5e-05
250500 2e-05
250600 1.7e-05
250700 1.5e-05
250800 1.2e-05
250900 1.3e-05
251000 1.2e-05
251100 1.3e-05
251200 1.4e-05
251300 1.3e-05
251400 1.6e-05
251500 1.4e-05
251600 1.5e-05
251700 1.2e-05
251800 1.9e-05
251900 1.4e-05
252000 1.4e-05
252100 1.3e-05
252200 1.3e-05
252300 1.6e-05
252400 1.2e-05
252500 1.4e-05
252600 1.3e-05
252700 1e-05
252800 9e-06
252900 1.4e-05
253000 1.3e-05
253100 1.7e-05
253200 1.2e-05
253300 1.6e-05
253400 1.3e-05
253500 1.4e-05
253600 1.7e-05
253700 1.4e-05
253800 1.4e-05
253900 1.2e-05
254000 1.5e-05
254100 1.9e-05
254200 1.3e-05
254300 9e-06
254400 2.5e-05
254500 2e-05
254600 1.4e-05
254700 1.6e-05
254800 2.1e-05
254900 1.2e-05
255000 9e-06
255100 1e-05
255200 1.6e-05
255300 1.3e-05
255400 2.8e-05
255500 1.3e-05
255600 1.5e-05
255700 1.9e-05
255800 1.3e-05
255900 1.4e-05
256000 9e-06
256100 2.4e-05
256200 1.5e-05
256300 3.1e-05
256400 1.4e-05
256500 1.3e-05
256600 1.6e-05
256700 1.4e-05
256800 1.4e-05
256900 2.5e-05
257000 1.4e-05
257100 1.8e-05
257200 1.3e-05
257300 1.3e-05
257400 1.9e-05
257500 1.9e-05
257600 1.7e-05
257700 1.4e-05
257800 1.3e-05
257900 1.2e-05
258000 1.3e-05
258100 1.3e-05
258200 1.4e-05
258300 1.4e-05
258400 1.5e-05
258500 1.4e-05
258600 1e-05
258700 1.7e-05
258800 2.8e-05
258900 1.4e-05
259000 1.3e-05
259100 1.3e-05
259200 2.1e-05
259300 1.4e-05
259400 9e-06
259500 1.1e-05
259600 2.2e-05
259700 1.3e-05
259800 8e-06
259900 1.4e-05
260000 1.4e-05
260100 1.7e-05
260200 2.2e-05
260300 2.4e-05
260400 1.9e-05
260500 1.4e-05
260600 1.3e-05
260700 1.4e-05
260800 1.4e-05
260900 9e-06
261000 1.4e-05
261100 1.3e-05
261200 1.3e-05
261300 1e-05
261400 1.3e-05
261500 1.4e-05
261600 1.3e-05
261700 2.2e-05
261800 1.3e-05
261900 2e-05
262000 9e-06
262100 1.3e-05
262200 2e-05
262300 1.7e-05
262400 1.4e-05
262500 1.5e-05
262600 1.4e-05
262700 1.3e-05
262800 2.8e-05
262900 1.8e-05
263000 1.3e-05
263100 1.7e-05
263200 1.3e-05
263300 1.4e-05
263400 1.4e-05
263500 1.9e-05
263600 2.1e-05
263700 1.5e-05
263800 1.7e-05
263900 1.6e-05
264000 1.4e-05
264100 2.1e-05
264200 1.6e-05
264300 1.3e-05
264400 1.8e-05
264500 1.3e-05
264600 1.4e-05
264700 1.4e-05
264800 2.1e-05
264900 1.4e-05
265000 1.7e-05
265100 2.5e-05
265200 1.4e-05
265300 1.3e-05
265400 1.3e-05
265500 1e-05
265600 9e-06
265700 1e-05
265800 9e-06
265900 1.9e-05
266000 1.3e-05
266100 1.6e-05
266200 2.4e-05
266300 1.4e-05
266400 2.1e-05
266500 1e-05
266600 1.4e-05
266700 1.7e-05
266800 1.7e-05
266900 1.4e-05
267000 1.6e-05
267100 1.3e-05
267200 1e-05
267300 1e-05
267400 9e-06
267500 9e-06
267600 1.4e-05
267700 1.7e-05
267800 1.6e-05
267900 1.4e-05
268000 1.3e-05
268100 1.4e-05
268200 1.4e-05
268300 1.3e-05
268400 2e-05
268500 2e-05
268600 1.4e-05
268700 1.5e-05
268800 1.6e-05
268900 2.2e-05
269000 1.7e-05
269100 2.1e-05
269200 8e-06
269300 1.9e-05
269400 2e-05
269500 1.4e-05
269600 1.5e-05
269700 1.7e-05
269800 1.9e-05
269900 1.3e-05
270000 1.4e-05
270100 1.3e-05
270200 9e-06
270300 1e-05
270400 1.4e-05
270500 1.3e-05
270600 1.4e-05
270700 1.1e-05
270800 1.9e-05
270900 2.2e-05
271000 2.7e-05
271100 1.5e-05
271200 9e-06
271300 9e-06
271400 1e-05
271500 1.6e-05
271600 2.5e-05
271700 1.5e-05
271800 1.8e-05
271900 1.5e-05
272000 2e-05
272100 1.3e-05
272200 2.1e-05
272300 1.4e-05
272400 1.9e-05
272500 2.1e-05
272600 1.3e-05
272700 2.1e-05
272800 2.7e-05
272900 1.4e-05
273000 1.4e-05
273100 1.5e-05
273200 9e-06
273300 1.4e-05
273400 1.7e-05
273500 1.4e-05
273600 1e-05
273700 1.4e-05
273800 2.3e-05
273900 1.4e-05
274000 1.4e-05
274100 2e-05
274200 1.4e-05
274300 1e-05
274400 1e-05
274500 1.4e-05
274600 1e-05
274700 2.1e-05
274800 1.9e-05
274900 1.4e-05
275000 1.8e-05
275100 9e-06
275200 1.9e-05
275300 2.1e-05
275400 1.4e-05
275500 1.9e-05
275600 1.4e-05
275700 2e-05
275800 1.4e-05
275900 1.5e-05
276000 1.4e-05
276100 2.1e-05
276200 1.4e-05
276300 2.4e-05
276400 1.4e-05
276500 1.3e-05
276600 1.4e-05
276700 2.7e-05
276800 1.4e-05
276900 1.5e-05
277000 1.5e-05
277100 1.3e-05
277200 1.4e-05
277300 2.5e-05
277400 1.4e-05
277500 1.5e-05
277600 1.6e-05
277700 1.4e-05
277800 2e-05
277900 1.3e-05
278000 1.3e-05
278100 1.6e-05
278200 1.3e-05
278300 2.1e-05
278400 1.5e-05
278500 1.6e-05
278600 2.2e-05
278700 2.6e-05
278800 1.6e-05
278900 1.4e-05
279000 1.4e-05
279100 1.5e-05
279200 2.2e-05
279300 2.2e-05
279400 1.4e-05
279500 1.4e-05
279600 1.5e-05
279700 1.6e-05
279800 1.7e-05
279900 1.6e-05
280000 9e-06
280100 1e-05
280200 1.5e-05
280300 1.6e-05
280400 1.4e-05
280500 1.5e-05
280600 1.9e-05
280700 1.9e-05
280800 1.5e-05
280900 1.8e-05
281000 1e-05
281100 1.8e-05
281200 1.4e-05
281300 1.7e-05
281400 1.8e-05
281500 1.1e-05
281600 1e-05
281700 1.2e-05
281800 1e-05
281900 1.4e-05
282000 1.4e-05
282100 1.8e-05
282200 2.1e-05
282300 1.4e-05
282400 1.8e-05
282500 2e-05
282600 2.6e-05
282700 1.6e-05
282800 1.4e-05
282900 1.4e-05
283000 1.4e-05
283100 1.5e-05
283200 1.5e-05
283300 1.5e-05
283400 1.5e-05
283500 1.5e-05
283600 1.9e-05
283700 1.4e-05
283800 1.3e-05
283900 1.5e-05
284000 1.5e-05
284100 1.4e-05
284200 1.5e-05
284300 1.5e-05
284400 2.1e-05
284500 1.6e-05
284600 1.9e-05
284700 1e-05
284800 1e-05
284900 1.5e-05
285000 2.5e-05
285100 1.8e-05
285200 1.6e-05
285300 1.4e-05
285400 2.1e-05
285500 1.5e-05
285600 1.5e-05
285700 1.5e-05
285800 9e-06
285900 2.1e-05
286000 1.5e-05
286100 1.4e-05
286200 2.1e-05
286300 1.5e-05
286400 1.7e-05
286500 1e-05
286600 1.5e-05
286700 2.7e-05
286800 2.6e-05
286900 1.5e-05
287000 1.5e-05
287100 1.5e-05
287200 2.2e-05
287300 1.5e-05
287400 1.5e-05
287500 1.5e-05
287600 1.7e-05
287700 2.1e-05
287800 9e-06
287900 2.3e-05
288000 1.5e-05
288100 1.4e-05
288200 1.6e-05
288300 1.4e-05
288400 1.4e-05
288500 2e-05
288600 1.9e-05
288700 1.5e-05
288800 1.5e-05
288900 2.2e-05
289000 2.2e-05
289100 1.6e-05
289200 1.8e-05
289300 1.4e-05
289400 1.7e-05
289500 2.2e-05
289600 1.5e-05
289700 1.9e-05
289800 1.6e-05
289900 2.3e-05
290000 1.5e-05
290100 1e-05
290200 9e-06
290300 1.5e-05
290400 1.8e-05
290500 1e-05
290600 1.4e-05
290700 1.7e-05
290800 1.9e-05
290900 1.6e-05
291000 1.3e-05
291100 1.7e-05
291200 1.6e-05
291300 1.6e-05
291400 2.3e-05
291500 1.5e-05
291600 1.5e-05
291700 1.8e-05
291800 1.5e-05
291900 1.7e-05
292000 1.3e-05
292100 1.9e-05
292200 1.5e-05
292300 1.5e-05
292400 1.4e-05
292500 1.4e-05
292600 1.4e-05
292700 1.6e-05
292800 1.6e-05
292900 1.9e-05
293000 1.7e-05
293100 1.6e-05
293200 1.7e-05
293300 1.5e-05
293400 1.5e-05
293500 2.3e-05
293600 2e-05
293700 1.9e-05
293800 1.2e-05
293900 1.4e-05
294000 1.4e-05
294100 1.4e-05
294200 1.5e-05
294300 1.5e-05
294400 1.6e-05
294500 2.2e-05
294600 2.4e-05
294700 1.5e-05
294800 1.9e-05
294900 1e-05
295000 1e-05
295100 1.6e-05
295200 2.5e-05
295300 1.5e-05
295400 1.5e-05
295500 1.5e-05
295600 2.2e-05
295700 2.4e-05
295800 1.5e-05
295900 1.6e-05
296000 1.5e-05
296100 1.7e-05
296200 1.5e-05
296300 1.4e-05
296400 1.6e-05
296500 1.4e-05
296600 1e-05
296700 1.5e-05
296800 1.7e-05
296900 1.6e-05
297000 2e-05
297100 1.8e-05
297200 1.4e-05
297300 1.7e-05
297400 1.4e-05
297500 1.5e-05
297600 1.5e-05
297700 1.7e-05
297800 1.5e-05
297900 1e-05
298000 1e-05
298100 1e-05
298200 1e-05
298300 2.1e-05
298400 2.2e-05
298500 2e-05
298600 1.1e-05
298700 1.4e-05
298800 1.6e-05
298900 2.1e-05
299000 1.5e-05
299100 2.2e-05
299200 2.3e-05
299300 1e-05
299400 1.5e-05
299500 1.5e-05
299600 1.2e-05
299700 1.4e-05
299800 1.9e-05
299900 1.6e-05
300000 1.5e-05
300100 1.6e-05
300200 2.1e-05
300300 1.5e-05
300400 1e-05
300500 2e-05
300600 1.4e-05
300700 2.1e-05
300800 1.5e-05
300900 1.8e-05
301000 1.5e-05
301100 1.6e-05
301200 1.9e-05
301300 1.5e-05
301400 1.5e-05
301500 2.2e-05
301600 2e-05
301700 1.6e-05
301800 1.1e-05
301900 2e-05
302000 1.5e-05
302100 2.1e-05
302200 1.7e-05
302300 1.5e-05
302400 1.1e-05
302500 1.5e-05
302600 1.5e-05
302700 1.1e-05
302800 2.2e-05
302900 2.4e-05
303000 1.6e-05
303100 1.6e-05
303200 1.6e-05
303300 1.9e-05
303400 1.7e-05
303500 1.6e-05
303600 1.4e-05
303700 1.7e-05
303800 1e-05
303900 1.6e-05
304000 2.6e-05
304100 1e-05
304200 1.6e-05
304300 1.5e-05
304400 1.2e-05
304500 1.5e-05
304600 1.5e-05
304700 2e-05
304800 1.6e-05
304900 1.6e-05
305000 1.6e-05
305100 1.5e-05
305200 1.8e-05
305300 2.2e-05
305400 1.6e-05
305500 1.6e-05
305600 1.6e-05
305700 1.1e-05
305800 1.6e-05
305900 1.5e-05
306000 1.6e-05
306100 1.6e-05
306200 1e-05
306300 1.6e-05
306400 1.6e-05
306500 1.7e-05
306600 1.7e-05
306700 2.6e-05
306800 1.6e-05
306900 2.3e-05
307000 1.4e-05
307100 1.6e-05
307200 1.6e-05
307300 1.8e-05
307400 1.5e-05
307500 1.4e-05
307600 1.1e-05
307700 1.1e-05
307800 1.6e-05
307900 1.6e-05
308000 1.9e-05
308100 1.7e-05
308200 1e-05
308300 1.5e-05
308400 2.2e-05
308500 1e-05
308600 2.1e-05
308700 1.9e-05
308800 2.6e-05
308900 2.4e-05
309000 3e-05
309100 2.4e-05
309200 1.9e-05
309300 2e-05
309400 1.1e-05
309500 2.4e-05
309600 2.1e-05
309700 3.1e-05
309800 2.2e-05
309900 2e-05
310000 1e-05
310100 1.5e-05
310200 1.7e-05
310300 1.6e-05
310400 1.7e-05
310500 1.6e-05
310600 2.5e-05
310700 1.1e-05
310800 2e-05
310900 1.5e-05
311000 1.5e-05
311100 2.5e-05
311200 2.2e-05
311300 3.5e-05
311400 1.6e-05
311500 2.3e-05
311600 2.6e-05
311700 1.5e-05
311800 1.5e-05
311900 2e-05
312000 2.5e-05
312100 1.9e-05
312200 1.6e-05
312300 1.5e-05
312400 1.2e-05
312500 1e-05
312600 1.6e-05
312700 1.8e-05
312800 1.6e-05
312900 1.7e-05
313000 1.6e-05
313100 1.7e-05
313200 3.1e-05
313300 1e-05
313400 1.9e-05
313500 2e-05
313600 3.3e-05
313700 1.8e-05
313800 2.4e-05
313900 1.6e-05
314000 2e-05
314100 1.6e-05
314200 1.5e-05
314300 1.2e-05
314400 1.6e-05
314500 1.5e-05
314600 2.4e-05
314700 1.7e-05
314800 1.5e-05
314900 1.1e-05
315000 1.1e-05
315100 1.6e-05
315200 1.1e-05
315300 1.7e-05
315400 1.6e-05
315500 1e-05
315600 1.6e-05
315700 2.2e-05
315800 2.1e-05
315900 2.1e-05
316000 1.7e-05
316100 2.1e-05
316200 1.7e-05
316300 1e-05
316400 1.5e-05
316500 2.5e-05
316600 2.4e-05
316700 1.4e-05
316800 1.6e-05
316900 2.4e-05
317000 1.7e-05
317100 2.4e-05
317200 1.5e-05
317300 2.6e-05
317400 1.1e-05
317500 2.2e-05
317600 1.9e-05
317700 1.6e-05
317800 1.6e-05
317900 2.1e-05
318000 1.5e-05
318100 2.6e-05
318200 2.3e-05
318300 1.6e-05
318400 1.6e-05
318500 1.3e-05
318600 1.6e-05
318700 1.8e-05
318800 1e-05
318900 3.1e-05
319000 2.3e-05
319100 2.2e-05
319200 1.5e-05
319300 2.4e-05
319400 1.6e-05
319500 1.6e-05
319600 1.6e-05
319700 1.6e-05
319800 2.3e-05
319900 1.7e-05
320000 1.3e-05
320100 1.1e-05
320200 2.7e-05
320300 1.7e-05
320400 1e-05
320500 1.1e-05
320600 1.6e-05
320700 2.2e-05
320800 1.7e-05
320900 1.2e-05
321000 1.2e-05
321100 2.3e-05
321200 1.6e-05
321300 1.6e-05
321400 1.5e-05
321500 1.7e-05
321600 1.2e-05
321700 1.1e-05
321800 1.2e-05
321900 1e-05
322000 2.3e-05
322100 1.9e-05
322200 1.6e-05
322300 1.7e-05
322400 1.7e-05
322500 1.7e-05
322600 1.7e-05
322700 2.4e-05
322800 1.6e-05
322900 1.6e-05
323000 1.6e-05
323100 2.4e-05
323200 1.6e-05
323300 1.7e-05
323400 1.6e-05
323500 1.6e-05
323600 1.9e-05
323700 1.1e-05
323800 1e-05
323900 2.2e-05
324000 3.7e-05
324100 1.8e-05
324200 1.7e-05
324300 1.1e-05
324400 2.3e-05
324500 1.7e-05
324600 1.7e-05
324700 1.7e-05
324800 2.9e-05
324900 2.1e-05
325000 1.7e-05
325100 1.5e-05
325200 1.7e-05
325300 1.6e-05
325400 1.5e-05
325500 1.7e-05
325600 1.6e-05
325700 1.6e-05
325800 3.3e-05
325900 1.7e-05
326000 1.6e-05
326100 1.6e-05
326200 1.5e-05
326300 1.9e-05
326400 1.8e-05
326500 3.5e-05
326600 1.2e-05
326700 1.7e-05
326800 1.6e-05
326900 1.7e-05
327000 1.6e-05
327100 2.2e-05
327200 1.7e-05
327300 1.8e-05
327400 1.9e-05
327500 1.6e-05
327600 1.7e-05
327700 1.7e-05
327800 1.7e-05
327900 1.7e-05
328000 1.6e-05
328100 1.7e-05
328200 2.5e-05
328300 1.7e-05
328400 2.1e-05
328500 2.9e-05
328600 1.6e-05
328700 1.7e-05
328800 2.6e-05
328900 1.1e-05
329000 1.2e-05
329100 2.2e-05
329200 2.4e-05
329300 1.7e-05
329400 1.6e-05
329500 2.4e-05
329600 1.4e-05
329700 3.3e-05
329800 2.2e-05
329900 3.1e-05
330000 1.6e-05
330100 1.6e-05
330200 1.8e-05
330300 1.7e-05
330400 1.7e-05
330500 2e-05
330600 2.2e-05
330700 1.8e-05
330800 1.1e-05
330900 3.1e-05
331000 1.6e-05
331100 1.6e-05
331200 2.4e-05
331300 1.7e-05
331400 1.7e-05
331500 2e-05
331600 1.7e-05
331700 1.6e-05
331800 2e-05
331900 1.7e-05
332000 1.9e-05
332100 1.8e-05
332200 1.7e-05
332300 1.8e-05
332400 1.6e-05
332500 2.4e-05
332600 1.7e-05
332700 1.7e-05
332800 1.8e-05
332900 1.7e-05
333000 2.1e-05
333100 1.7e-05
333200 1.7e-05
333300 2e-05
333400 1.7e-05
333500 1.1e-05
333600 1.5e-05
333700 1.5e-05
333800 1.6e-05
333900 1.4e-05
334000 1.2e-05
334100 1.2e-05
334200 1.1e-05
334300 1.2e-05
334400 3.2e-05
334500 1.7e-05
334600 1.7e-05
334700 1.4e-05
334800 1.3e-05
334900 1.7e-05
335000 1.9e-05
335100 2.6e-05
335200 1.3e-05
335300 2.6e-05
335400 1.8e-05
335500 1.9e-05
335600 1.8e-05
335700 1.7e-05
335800 1.7e-05
335900 1.7e-05
336000 2.5e-05
336100 2.9e-05
336200 1.9e-05
336300 1.6e-05
336400 1.7e-05
336500 1.3e-05
336600 1.6e-05
336700 2.3e-05
336800 1.8e-05
336900 1.9e-05
337000 1.8e-05
337100 1.8e-05
337200 1.6e-05
337300 2.3e-05
337400 2e-05
337500 1.8e-05
337600 2.1e-05
337700 1.8e-05
337800 1.7e-05
337900 1.1e-05
338000 2.5e-05
338100 1.9e-05
338200 1.9e-05
338300 3.3e-05
338400 2e-05
338500 2.2e-05
338600 1.7e-05
338700 2.3e-05
338800 2.6e-05
338900 1.6e-05
339000 1.8e-05
339100 2e-05
339200 1.8e-05
339300 1.2e-05
339400 1.9e-05
339500 1.2e-05
339600 3.5e-05
339700 2.4e-05
339800 2.2e-05
339900 1.4e-05
340000 1.7e-05
340100 1.8e-05
340200 1.7e-05
340300 2.4e-05
340400 2.5e-05
340500 1.2e-05
340600 2.2e-05
340700 1.8e-05
340800 1.8e-05
340900 1.8e-05
341000 2e-05
341100 2e-05
341200 1.7e-05
341300 2.6e-05
341400 1.7e-05
341500 1.9e-05
341600 1.8e-05
341700 1.8e-05
341800 2.5e-05
341900 1.2e-05
342000 1.8e-05
342100 1.7e-05
342200 1.7e-05
342300 1.7e-05
342400 1.8e-05
342500 1.7e-05
342600 1.2e-05
342700 1.8e-05
342800 2.6e-05
342900 2e-05
343000 2.1e-05
343100 1.2e-05
343200 2.3e-05
343300 2.7e-05
343400 1.6e-05
343500 1.8e-05
343600 2.4e-05
343700 1.2e-05
343800 2e-05
343900 1.9e-05
344000 1.9e-05
344100 1.7e-05
344200 1.2e-05
344300 1.9e-05
344400 2.2e-05
344500 1.7e-05
344600 1.7e-05
344700 2.3e-05
344800 1.2e-05
344900 1.5e-05
345000 1.2e-05
345100 1.8e-05
345200 2.8e-05
345300 1.8e-05
345400 2.4e-05
345500 1.8e-05
345600 1.9e-05
345700 2.6e-05
345800 2.6e-05
345900 1.8e-05
346000 1.7e-05
346100 2.7e-05
346200 2.3e-05
346300 2.1e-05
346400 2.1e-05
346500 1.2e-05
346600 1.8e-05
346700 1.8e-05
346800 1.7e-05
346900 1.7e-05
347000 1.7e-05
347100 3e-05
347200 1.8e-05
347300 2.7e-05
347400 3.3e-05
347500 1.7e-05
347600 2.3e-05
347700 1.2e-05
347800 1.7e-05
347900 1.8e-05
348000 2.1e-05
348100 1.8e-05
348200 1.2e-05
348300 1.7e-05
348400 1.2e-05
348500 1.7e-05
348600 4.8e-05
348700 1.7e-05
348800 1.8e-05
348900 1.8e-05
349000 1.3e-05
349100 1.7e-05
349200 1.8e-05
349300 2.1e-05
349400 1.7e-05
349500 2.7e-05
349600 1.2e-05
349700 1.1e-05
349800 1.3e-05
349900 2e-05
350000 1.7e-05
350100 1.8e-05
350200 1.8e-05
350300 1.8e-05
350400 2.7e-05
350500 2e-05
350600 1.8e-05
350700 1.7e-05
350800 1.2e-05
350900 1.7e-05
351000 2.5e-05
351100 1.9e-05
351200 2.3e-05
351300 2.3e-05
351400 2e-05
351500 1.7e-05
351600 1.1e-05
351700 1.2e-05
351800 1.2e-05
351900 2.6e-05
352000 2.5e-05
352100 1.8e-05
352200 1.8e-05
352300 1.7e-05
352400 2.1e-05
352500 2.3e-05
352600 1.8e-05
352700 1.8e-05
352800 1.7e-05
352900 1.7e-05
353000 1.8e-05
353100 1.8e-05
353200 1.8e-05
353300 1.2e-05
353400 1.2e-05
353500 1.7e-05
353600 1.8e-05
353700 2.8e-05
353800 1.8e-05
353900 1.2e-05
354000 2.7e-05
354100 1.9e-05
354200 2.5e-05
354300 1.8e-05
354400 1.9e-05
354500 1.2e-05
354600 1.8e-05
354700 2e-05
354800 1.7e-05
354900 1.7e-05
355000 2.2e-05
355100 1.8e-05
355200 1.3e-05
355300 2.4e-05
355400 1.7e-05
355500 1.9e-05
355600 1.8e-05
355700 1.8e-05
355800 2.3e-05
355900 1.5e-05
356000 1.2e-05
356100 2.9e-05
356200 1.9e-05
356300 1.8e-05
356400 2e-05
356500 1.8e-05
356600 1.1e-05
356700 1.2e-05
356800 2.1e-05
356900 2.7e-05
357000 2.6e-05
357100 2.1e-05
357200 1.7e-05
357300 1.2e-05
357400 1.8e-05
357500 1.8e-05
357600 1.3e-05
357700 2.7e-05
357800 3e-05
357900 1.7e-05
358000 2.2e-05
358100 1.9e-05
358200 5e-05
358300 1.9e-05
358400 2.4e-05
358500 2.6e-05
358600 2.4e-05
358700 3.3e-05
358800 1.8e-05
358900 2.3e-05
359000 2.1e-05
359100 1.9e-05
359200 1.9e-05
359300 1.9e-05
359400 1.2e-05
359500 1.7e-05
359600 2.4e-05
359700 1.8e-05
359800 1.2e-05
359900 2.9e-05
360000 1.3e-05
360100 2.4e-05
360200 1.8e-05
360300 1.8e-05
360400 1.8e-05
360500 1.8e-05
360600 1.3e-05
360700 2.4e-05
360800 1.8e-05
360900 2.6e-05
361000 2.9e-05
361100 1.9e-05
361200 1.8e-05
361300 1.9e-05
361400 1.8e-05
361500 3e-05
361600 2.4e-05
361700 1.3e-05
361800 1.9e-05
361900 1.8e-05
362000 1.9e-05
362100 1.8e-05
362200 1.8e-05
362300 1.9e-05
362400 1.9e-05
362500 1.9e-05
362600 1.3e-05
362700 1.8e-05
362800 2.1e-05
362900 2.7e-05
363000 1.9e-05
363100 3.2e-05
363200 1.3e-05
363300 2.4e-05
363400 1.8e-05
363500 1.8e-05
363600 1.5e-05
363700 1.2e-05
363800 1.8e-05
363900 2.2e-05
364000 3e-05
364100 2.5e-05
364200 2.7e-05
364300 1.9e-05
364400 2.3e-05
364500 1.8e-05
364600 1.9e-05
364700 2.1e-05
364800 1.4e-05
364900 1.3e-05
365000 2.4e-05
365100 1.8e-05
365200 2.6e-05
365300 1.2e-05
365400 1.3e-05
365500 1.9e-05
365600 1.2e-05
365700 2.6e-05
365800 2.9e-05
365900 1.9e-05
366000 1.2e-05
366100 2.5e-05
366200 2.4e-05
366300 1.9e-05
366400 1.9e-05
366500 1.8e-05
366600 2.1e-05
366700 2e-05
366800 2.6e-05
366900 1.8e-05
367000 2.7e-05
367100 2e-05
367200 1.9e-05
367300 1.9e-05
367400 1.9e-05
367500 1.9e-05
367600 1.7e-05
367700 2e-05
367800 2e-05
367900 1.9e-05
368000 1.9e-05
368100 2.8e-05
368200 2.7e-05
368300 1.8e-05
368400 1.7e-05
368500 2.6e-05
368600 1.2e-05
368700 1.4e-05
368800 1.9e-05
368900 1.8e-05
369000 1.9e-05
369100 2.7e-05
369200 1.9e-05
369300 2.5e-05
369400 1.9e-05
369500 1.9e-05
369600 2.2e-05
369700 1.8e-05
369800 2.4e-05
369900 2e-05
370000 4.3e-05
370100 2.7e-05
370200 1.8e-05
370300 1.9e-05
370400 1.9e-05
370500 1.9e-05
370600 2.5e-05
370700 2.6e-05
370800 1.8e-05
370900 1.9e-05
371000 2e-05
371100 1.9e-05
371200 2.4e-05
371300 2.2e-05
371400 2.5e-05
371500 2.3e-05
371600 2.2e-05
371700 2.4e-05
371800 2.2e-05
371900 1.9e-05
372000 1.9e-05
372100 2e-05
372200 2e-05
372300 2.4e-05
372400 2.8e-05
372500 2e-05
372600 2.1e-05
372700 2.8e-05
372800 2.1e-05
372900 2.3e-05
373000 2.1e-05
373100 1.8e-05
373200 2.7e-05
373300 2.9e-05
373400 1.3e-05
373500 1.9e-05
373600 2e-05
373700 1.3e-05
373800 3.4e-05
373900 2.3e-05
374000 2e-05
374100 1.9e-05
374200 1.8e-05
374300 3.3e-05
374400 2.4e-05
374500 2.4e-05
374600 2e-05
374700 1.9e-05
374800 1.8e-05
374900 2e-05
375000 2.9e-05
375100 1.9e-05
375200 1.9e-05
375300 2.3e-05
375400 1.4e-05
375500 1.8e-05
375600 1.9e-05
375700 2.1e-05
375800 2.6e-05
375900 1.9e-05
376000 2.5e-05
376100 2.1e-05
376200 2.6e-05
376300 2.4e-05
376400 1.9e-05
376500 1.8e-05
376600 2.4e-05
376700 1.9e-05
376800 1.9e-05
376900 2e-05
377000 1.9e-05
377100 1.8e-05
377200 1.8e-05
377300 2.2e-05
377400 2.6e-05
377500 2e-05
377600 2.4e-05
377700 1.2e-05
377800 2e-05
377900 2e-05
378000 2.5e-05
378100 2.5e-05
378200 2.1e-05
378300 1.3e-05
378400 1.9e-05
378500 2.7e-05
378600 2e-05
378700 1.2e-05
378800 1.8e-05
378900 1.8e-05
379000 1.3e-05
379100 3e-05
379200 1.3e-05
379300 2e-05
379400 1.9e-05
379500 2.8e-05
379600 2.9e-05
379700 2.8e-05
379800 2.7e-05
379900 3.5e-05
380000 2.4e-05
380100 2.1e-05
380200 2e-05
380300 2.2e-05
380400 1.3e-05
380500 1.3e-05
380600 2.3e-05
380700 3.1e-05
380800 2e-05
380900 1.9e-05
381000 2.3e-05
381100 1.2e-05
381200 1.9e-05
381300 2.5e-05
381400 1.9e-05
381500 2e-05
381600 2e-05
381700 2e-05
381800 2.2e-05
381900 1.9e-05
382000 1.9e-05
382100 2e-05
382200 1.9e-05
382300 1.9e-05
382400 2e-05
382500 2.1e-05
382600 2.8e-05
382700 1.9e-05
382800 2.1e-05
382900 1.8e-05
383000 2.4e-05
383100 3.7e-05
383200 1.9e-05
383300 2.1e-05
383400 2.2e-05
383500 2.1e-05
383600 3.6e-05
383700 3.6e-05
383800 1.9e-05
383900 2.5e-05
384000 2e-05
384100 1.3e-05
384200 1.9e-05
384300 2e-05
384400 1.8e-05
384500 2.7e-05
384600 3.7e-05
384700 2.1e-05
384800 2.6e-05
384900 1.9e-05
385000 2e-05
385100 1.5e-05
385200 1.9e-05
385300 2.2e-05
385400 1.3e-05
385500 2.1e-05
385600 2e-05
385700 2.1e-05
385800 2e-05
385900 2.2e-05
386000 2.8e-05
386100 2.1e-05
386200 1.3e-05
386300 2e-05
386400 2e-05
386500 1.9e-05
386600 2.3e-05
386700 1.9e-05
386800 2.1e-05
386900 2e-05
387000 1.4e-05
387100 3.9e-05
387200 2.5e-05
387300 2e-05
387400 2.5e-05
387500 1.9e-05
387600 2.4e-05
387700 1.4e-05
387800 1.9e-05
387900 2.1e-05
388000 2e-05
388100 2e-05
388200 2.1e-05
388300 2e-05
388400 1.9e-05
388500 1.9e-05
388600 2.6e-05
388700 2.6e-05
388800 2e-05
388900 2e-05
389000 2.9e-05
389100 2.8e-05
389200 2e-05
389300 2e-05
389400 2.7e-05
389500 3.7e-05
389600 1.5e-05
389700 2.1e-05
389800 2.1e-05
389900 1.2e-05
390000 2e-05
390100 2.9e-05
390200 2e-05
390300 2.1e-05
390400 2.1e-05
390500 2e-05
390600 1.9e-05
390700 2e-05
390800 2.1e-05
390900 2.5e-05
391000 1.9e-05
391100 2e-05
391200 2.4e-05
391300 3e-05
391400 2e-05
391500 3.6e-05
391600 2e-05
391700 2.8e-05
391800 2.1e-05
391900 3e-05
392000 2e-05
392100 1.4e-05
392200 3e-05
392300 1.9e-05
392400 3.1e-05
392500 2.8e-05
392600 1.9e-05
392700 2.2e-05
392800 2e-05
392900 2.1e-05
393000 2.6e-05
393100 2.4e-05
393200 1.4e-05
393300 1.4e-05
393400 2.2e-05
393500 2e-05
393600 4.4e-05
393700 2.5e-05
393800 2.5e-05
393900 1.9e-05
394000 1.9e-05
394100 3.2e-05
394200 2.1e-05
394300 1.4e-05
394400 2.1e-05
394500 1.3e-05
394600 1.4e-05
394700 7.1e-05
394800 3.6e-05
394900 2e-05
395000 1.9e-05
395100 2e-05
395200 2.1e-05
395300 3e-05
395400 2.5e-05
395500 1.9e-05
395600 1.9e-05
395700 1.9e-05
395800 3.1e-05
395900 2.9e-05
396000 1.4e-05
396100 2.1e-05
396200 2e-05
396300 1.9e-05
396400 2.5e-05
396500 2e-05
396600 1.9e-05
396700 2e-05
396800 1.3e-05
396900 3.7e-05
397000 2.5e-05
397100 1.9e-05
397200 2.9e-05
397300 2e-05
397400 2.9e-05
397500 2e-05
397600 2e-05
397700 2.1e-05
397800 1.4e-05
397900 2e-05
398000 2.9e-05
398100 2e-05
398200 2e-05
398300 2e-05
398400 2e-05
398500 3.4e-05
398600 2.2e-05
398700 2.4e-05
398800 2.3e-05
398900 2e-05
399000 1.4e-05
399100 3.3e-05
399200 2.9e-05
399300 2.3e-05
399400 2.9e-05
399500 1.9e-05
399600 2.9e-05
399700 2.1e-05
399800 2e-05
399900 2e-05
400000 3.1e-05
400100 3e-05
400200 1.3e-05
400300 1.5e-05
400400 2e-05
400500 3.8e-05
400600 3e-05
400700 2.2e-05
400800 2.7e-05
400900 2e-05
401000 2.3e-05
401100 1.9e-05
401200 2.5e-05
401300 2.6e-05
401400 2.3e-05
401500 1.9e-05
401600 2.1e-05
401700 2.1e-05
401800 2.8e-05
401900 4e-05
402000 2.4e-05
402100 2e-05
402200 2e-05
402300 1.4e-05
402400 2e-05
402500 2.1e-05
402600 2.2e-05
402700 2e-05
402800 2.3e-05
402900 3.1e-05
403000 3e-05
403100 3.4e-05
403200 2.4e-05
403300 2.3e-05
403400 2.3e-05
403500 1.3e-05
403600 1.3e-05
403700 2e-05
403800 2.6e-05
403900 2.1e-05
404000 2.4e-05
404100 2.1e-05
404200 2.1e-05
404300 2.3e-05
404400 1.3e-05
404500 1.3e-05
404600 2.6e-05
404700 2.1e-05
404800 2e-05
404900 1.4e-05
405000 1.6e-05
405100 1.9e-05
405200 1.9e-05
405300 2.9e-05
405400 2.9e-05
405500 2e-05
405600 2.7e-05
405700 3.1e-05
405800 2.1e-05
405900 3.2e-05
406000 2.1e-05
406100 2.2e-05
406200 2.2e-05
406300 3.9e-05
406400 2.6e-05
406500 3e-05
406600 2.1e-05
406700 2.2e-05
406800 1.4e-05
406900 2.6e-05
407000 2.5e-05
407100 2.1e-05
407200 2.7e-05
407300 2.1e-05
407400 2.7e-05
407500 2.4e-05
407600 1.9e-05
407700 2.1e-05
407800 2.4e-05
407900 3.3e-05
408000 2.1e-05
408100 2.2e-05
408200 2.1e-05
408300 2.1e-05
408400 2.7e-05
408500 2e-05
408600 2.6e-05
408700 2.1e-05
408800 1.4e-05
408900 1.4e-05
409000 2.2e-05
409100 2.6e-05
409200 1.9e-05
409300 1.9e-05
409400 2.1e-05
409500 2.1e-05
409600 3.9e-05
409700 3.3e-05
409800 1.4e-05
409900 2.1e-05
410000 1.3e-05
410100 2.2e-05
410200 1.4e-05
410300 2.2e-05
410400 2.1e-05
410500 2.9e-05
410600 2.1e-05
410700 1.9e-05
410800 2.4e-05
410900 2.9e-05
411000 1.3e-05
411100 4e-05
411200 3e-05
411300 3.1e-05
411400 3e-05
411500 2e-05
411600 3e-05
411700 2.3e-05
411800 2e-05
411900 2.1e-05
412000 2.7e-05
412100 3.4e-05
412200 2.1e-05
412300 2.1e-05
412400 2e-05
412500 2.9e-05
412600 4.2e-05
412700 2.5e-05
412800 2.5e-05
412900 2.1e-05
413000 3.1e-05
413100 3e-05
413200 3.4e-05
413300 2.1e-05
413400 2.9e-05
413500 3.9e-05
413600 2.8e-05
413700 2.7e-05
413800 2.1e-05
413900 2.9e-05
414000 1.3e-05
414100 3.6e-05
414200 2e-05
414300 3e-05
414400 2.1e-05
414500 2.1e-05
414600 2.4e-05
414700 2e-05
414800 1.3e-05
414900 2.2e-05
415000 1.4e-05
415100 2.1e-05
415200 2.1e-05
415300 3.4e-05
415400 2.2e-05
415500 3e-05
415600 2.3e-05
415700 3.3e-05
415800 2.3e-05
415900 1.5e-05
416000 2.5e-05
416100 2e-05
416200 2.3e-05
416300 2.7e-05
416400 2.6e-05
416500 2e-05
416600 2.1e-05
416700 2.2e-05
416800 2.6e-05
416900 2.1e-05
417000 2.1e-05
417100 2.2e-05
417200 2e-05
417300 2e-05
417400 2.9e-05
417500 2.1e-05
417600 2.2e-05
417700 2.2e-05
417800 2.2e-05
417900 2.1e-05
418000 3e-05
418100 3.2e-05
418200 2.1e-05
418300 3.2e-05
418400 1.4e-05
418500 2.2e-05
418600 3.3e-05
418700 2.5e-05
418800 2.1e-05
418900 1.4e-05
419000 2e-05
419100 2.9e-05
419200 2.1e-05
419300 2.1e-05
419400 2.3e-05
419500 2e-05
419600 3e-05
419700 2e-05
419800 2e-05
419900 2.2e-05
420000 1.5e-05
420100 1.5e-05
420200 3.1e-05
420300 2.7e-05
420400 2e-05
420500 2e-05
420600 2.1e-05
420700 3.1e-05
420800 2.2e-05
420900 2.1e-05
421000 2.8e-05
421100 2.2e-05
421200 2.1e-05
421300 2.1e-05
421400 2.1e-05
421500 2.1e-05
421600 2.1e-05
421700 2.1e-05
421800 2.3e-05
421900 3.3e-05
422000 2.6e-05
422100 2e-05
422200 3.4e-05
422300 3.8e-05
422400 5.8e-05
422500 2.6e-05
422600 2.2e-05
422700 2.6e-05
422800 1.4e-05
422900 1.7e-05
423000 2.1e-05
423100 2.2e-05
423200 2.2e-05
423300 1.4e-05
423400 4.2e-05
423500 2.3e-05
423600 2.8e-05
423700 2.8e-05
423800 3.8e-05
423900 2.2e-05
424000 2.2e-05
424100 4.7e-05
424200 2.2e-05
424300 2.5e-05
424400 2e-05
424500 3e-05
424600 2.5e-05
424700 2.7e-05
424800 2.2e-05
424900 2.2e-05
425000 2.2e-05
425100 2.2e-05
425200 2.9e-05
425300 2.6e-05
425400 3.5e-05
425500 4.5e-05
425600 2.1e-05
425700 1.5e-05
425800 2.2e-05
425900 2.2e-05
426000 2.1e-05
426100 2.1e-05
426200 1.4e-05
426300 3.2e-05
426400 2.2e-05
426500 1.4e-05
426600 2.5e-05
426700 2.2e-05
426800 2.7e-05
426900 4e-05
427000 2e-05
427100 2.5e-05
427200 2.7e-05
427300 2.1e-05
427400 2.2e-05
427500 1.8e-05
427600 2.1e-05
427700 2.4e-05
427800 2.1e-05
427900 2.1e-05
428000 2.8e-05
428100 3.3e-05
428200 2.3e-05
428300 2.2e-05
428400 2.6e-05
428500 2.2e-05
428600 2.5e-05
428700 2.4e-05
428800 2.2e-05
428900 2.7e-05
429000 2.3e-05
429100 2.2e-05
429200 2.3e-05
429300 2.2e-05
429400 2.7e-05
429500 1.4e-05
429600 2.2e-05
429700 2.6e-05
429800 2.1e-05
429900 3.1e-05
430000 1.4e-05
430100 2.1e-05
430200 4.2e-05
430300 1.5e-05
430400 2.2e-05
430500 2.3e-05
430600 2.1e-05
430700 2.3e-05
430800 2.2e-05
430900 2.2e-05
431000 3.7e-05
431100 4.2e-05
431200 2.2e-05
431300 2.8e-05
431400 3.3e-05
431500 2.1e-05
431600 2.1e-05
431700 3.1e-05
431800 2.6e-05
431900 2.2e-05
432000 1.5e-05
432100 1.6e-05
432200 2.4e-05
432300 2.2e-05
432400 2.6e-05
432500 3.2e-05
432600 1.5e-05
432700 1.5e-05
432800 2.9e-05
432900 4e-05
433000 3.3e-05
433100 1.4e-05
433200 2.1e-05
433300 2.2e-05
433400 3.2e-05
433500 3.3e-05
433600 2.2e-05
433700 2.2e-05
433800 2.3e-05
433900 1.6e-05
434000 2.6e-05
434100 2.3e-05
434200 3.1e-05
434300 1.5e-05
434400 2.1e-05
434500 3.4e-05
434600 2.3e-05
434700 2.1e-05
434800 1.4e-05
434900 3.1e-05
435000 2.9e-05
435100 2.2e-05
435200 2.7e-05
435300 2.3e-05
435400 2.2e-05
435500 3.4e-05
435600 2.2e-05
435700 2.2e-05
435800 2.2e-05
435900 2.8e-05
436000 3.7e-05
436100 2.9e-05
436200 2.4e-05
436300 2.2e-05
436400 3e-05
436500 2.4e-05
436600 2.1e-05
436700 3.6e-05
436800 2.3e-05
436900 1.5e-05
437000 2.3e-05
437100 2.5e-05
437200 1.4e-05
437300 2.3e-05
437400 2.2e-05
437500 2.3e-05
437600 2.2e-05
437700 2.2e-05
437800 2.9e-05
437900 2.3e-05
438000 3.1e-05
438100 2.1e-05
438200 2.3e-05
438300 3.2e-05
438400 3.3e-05
438500 2.4e-05
438600 3.3e-05
438700 2.7e-05
438800 3.2e-05
438900 2.2e-05
439000 3.4e-05
439100 3.3e-05
439200 2.7e-05
439300 2.3e-05
439400 2.7e-05
439500 2.1e-05
439600 3.1e-05
439700 1.9e-05
439800 1.9e-05
439900 3.3e-05
440000 1.5e-05
440100 2.3e-05
440200 2.3e-05
440300 3.2e-05
440400 2.1e-05
440500 1.4e-05
440600 2.1e-05
440700 3.5e-05
440800 2.8e-05
440900 2.2e-05
441000 2.3e-05
441100 3.2e-05
441200 2.2e-05
441300 2.2e-05
441400 2.2e-05
441500 2.3e-05
441600 2.3e-05
441700 2.2e-05
441800 1.5e-05
441900 3.8e-05
442000 2.2e-05
442100 2.1e-05
442200 2.1e-05
442300 2.9e-05
442400 1.6e-05
442500 2.3e-05
442600 1.5e-05
442700 1.5e-05
442800 2.5e-05
442900 2.1e-05
443000 3.2e-05
443100 3.1e-05
443200 3.3e-05
443300 2.3e-05
443400 2.3e-05
443500 2.8e-05
443600 2.1e-05
443700 2.1e-05
443800 2.2e-05
443900 2.3e-05
444000 2.2e-05
444100 2.1e-05
444200 1.5e-05
444300 3.9e-05
444400 2.3e-05
444500 3.4e-05
444600 2.2e-05
444700 2.7e-05
444800 2.6e-05
444900 2.2e-05
445000 2.3e-05
445100 2.2e-05
445200 3.2e-05
445300 2.2e-05
445400 2.2e-05
445500 2.6e-05
445600 5.3e-05
445700 2.3e-05
445800 2.4e-05
445900 3.1e-05
446000 2.2e-05
446100 1.5e-05
446200 2.9e-05
446300 2.3e-05
446400 2.3e-05
446500 2.3e-05
446600 3.6e-05
446700 2.1e-05
446800 3.1e-05
446900 2.3e-05
447000 2.6e-05
447100 2.3e-05
447200 2.2e-05
447300 1.7e-05
447400 2.3e-05
447500 2.2e-05
447600 2.6e-05
447700 2.2e-05
447800 2.3e-05
447900 2.4e-05
448000 2.2e-05
448100 2.3e-05
448200 2.2e-05
448300 2.3e-05
448400 2.2e-05
448500 3.1e-05
448600 2.2e-05
448700 3.4e-05
448800 2.8e-05
448900 2.4e-05
449000 2.3e-05
449100 2.2e-05
449200 2.3e-05
449300 2.3e-05
449400 2.3e-05
449500 2.2e-05
449600 3.3e-05
449700 3.3e-05
449800 3.4e-05
449900 2.4e-05
450000 2.5e-05
450100 2.1e-05
450200 3.5e-05
450300 3.2e-05
450400 3.3e-05
450500 2.3e-05
450600 2.8e-05
450700 2.2e-05
450800 6.5e-05
450900 4.5e-05
451000 2.8e-05
451100 3e-05
451200 1.6e-05
451300 3.7e-05
451400 2.3e-05
451500 2.2e-05
451600 2.3e-05
451700 2.2e-05
451800 2.4e-05
451900 3.6e-05
452000 2.6e-05
452100 2.7e-05
452200 1.5e-05
452300 2.2e-05
452400 3.2e-05
452500 1.5e-05
452600 1.5e-05
452700 2.9e-05
452800 2.3e-05
452900 4.4e-05
453000 2.4e-05
453100 2.2e-05
453200 2.5e-05
453300 2.8e-05
453400 3.6e-05
453500 2.4e-05
453600 2.4e-05
453700 3.5e-05
453800 3.2e-05
453900 2.2e-05
454000 2.3e-05
454100 2.3e-05
454200 2.3e-05
454300 2.8e-05
454400 2.3e-05
454500 2.3e-05
454600 2.3e-05
454700 2.7e-05
454800 2.3e-05
454900 3.1e-05
455000 2.6e-05
455100 2.5e-05
455200 3.1e-05
455300 2.4e-05
455400 2.9e-05
455500 2.3e-05
455600 3.1e-05
455700 2.3e-05
455800 2.3e-05
455900 2.3e-05
456000 3.4e-05
456100 2.4e-05
456200 2.3e-05
456300 2.2e-05
456400 2.8e-05
456500 1.5e-05
456600 2.7e-05
456700 2.6e-05
456800 3.5e-05
456900 1.6e-05
457000 4.5e-05
457100 2.5e-05
457200 2.2e-05
457300 2.1e-05
457400 2.5e-05
457500 1.5e-05
457600 2.8e-05
457700 1.5e-05
457800 2.3e-05
457900 1.6e-05
458000 2.2e-05
458100 2.3e-05
458200 3.9e-05
458300 1.6e-05
458400 1.6e-05
458500 2.9e-05
458600 2.3e-05
458700 2.4e-05
458800 4.4e-05
458900 2.3e-05
459000 2.3e-05
459100 3e-05
459200 4.7e-05
459300 3.5e-05
459400 3.2e-05
459500 2.3e-05
459600 2.3e-05
459700 2.9e-05
459800 2.3e-05
459900 4.3e-05
460000 2.3e-05
460100 2.3e-05
460200 2.3e-05
460300 1.7e-05
460400 1.6e-05
460500 2.4e-05
460600 1.5e-05
460700 3.3e-05
460800 2.3e-05
460900 2.3e-05
461000 2.6e-05
461100 2.3e-05
461200 3.2e-05
461300 4.3e-05
461400 1.4e-05
461500 2.6e-05
461600 1.6e-05
461700 3.7e-05
461800 2.3e-05
461900 2.2e-05
462000 2.7e-05
462100 2.3e-05
462200 2.3e-05
462300 2.3e-05
462400 2.6e-05
462500 2.4e-05
462600 2.4e-05
462700 1.6e-05
462800 1.7e-05
462900 2.2e-05
463000 2.3e-05
463100 2.4e-05
463200 3.1e-05
463300 2.4e-05
463400 1.6e-05
463500 2.2e-05
463600 9.8e-05
463700 2.3e-05
463800 3.1e-05
463900 1.8e-05
464000 1.5e-05
464100 2.4e-05
464200 2.4e-05
464300 2.3e-05
464400 3.3e-05
464500 2.7e-05
464600 2.3e-05
464700 4.6e-05
464800 1.7e-05
464900 2.3e-05
465000 1.7e-05
465100 1.6e-05
465200 2.3e-05
465300 2.2e-05
465400 2.3e-05
465500 3.1e-05
465600 1.5e-05
465700 1.7e-05
465800 3.9e-05
465900 2.4e-05
466000 3.3e-05
466100 3e-05
466200 1.6e-05
466300 2.3e-05
466400 1.6e-05
466500 2.4e-05
466600 1.6e-05
466700 1.6e-05
466800 3.3e-05
466900 3.1e-05
467000 2.4e-05
467100 2.4e-05
467200 2.4e-05
467300 2.4e-05
467400 2.4e-05
467500 2.3e-05
467600 1.6e-05
467700 3.3e-05
467800 1.6e-05
467900 3.7e-05
468000 2.5e-05
468100 4.6e-05
468200 2.4e-05
468300 2.3e-05
468400 2.2e-05
468500 3.4e-05
468600 3.3e-05
468700 1.5e-05
468800 2.4e-05
468900 3.5e-05
469000 3e-05
469100 1.5e-05
469200 2.9e-05
469300 3e-05
469400 3.3e-05
469500 1.6e-05
469600 3.5e-05
469700 2.2e-05
469800 2.3e-05
469900 2.3e-05
470000 3.4e-05
470100 3.5e-05
470200 3e-05
470300 2.6e-05
470400 2.9e-05
470500 2.8e-05
470600 2.4e-05
470700 3.7e-05
470800 2.2e-05
470900 3e-05
471000 2.9e-05
471100 2.4e-05
471200 2.3e-05
471300 3.6e-05
471400 3.5e-05
471500 2.4e-05
471600 2.2e-05
471700 2.2e-05
471800 3e-05
471900 4.2e-05
472000 2.4e-05
472100 2.3e-05
472200 1.6e-05
472300 2.3e-05
472400 2.4e-05
472500 2.5e-05
472600 2.4e-05
472700 1.6e-05
472800 3.1e-05
472900 3e-05
473000 1.7e-05
473100 1.5e-05
473200 2.6e-05
473300 2.3e-05
473400 3.2e-05
473500 2.8e-05
473600 3.4e-05
473700 2.7e-05
473800 1.6e-05
473900 1.5e-05
474000 2.4e-05
474100 3.4e-05
474200 2.4e-05
474300 2.4e-05
474400 1.6e-05
474500 2.4e-05
474600 4.3e-05
474700 2.3e-05
474800 2.3e-05
474900 1.6e-05
475000 2.4e-05
475100 2.4e-05
475200 2.5e-05
475300 2.3e-05
475400 1.5e-05
475500 3.4e-05
475600 3e-05
475700 1.5e-05
475800 2.7e-05
475900 3.2e-05
476000 3.1e-05
476100 2.4e-05
476200 3e-05
476300 2.9e-05
476400 3.4e-05
476500 2.3e-05
476600 1.9e-05
476700 3.5e-05
476800 1.6e-05
476900 3.1e-05
477000 3.1e-05
477100 2.3e-05
477200 2.3e-05
477300 2.5e-05
477400 2.7e-05
477500 2.4e-05
477600 2.5e-05
477700 2.4e-05
477800 3.5e-05
477900 3.4e-05
478000 2.5e-05
478100 1.6e-05
478200 2.4e-05
478300 1.6e-05
478400 1.6e-05
478500 2.5e-05
478600 3.3e-05
478700 2.9e-05
478800 2.6e-05
478900 2.5e-05
479000 2.4e-05
479100 2.6e-05
479200 2.6e-05
479300 1.7e-05
479400 1.7e-05
479500 1.6e-05
479600 1.5e-05
479700 2.3e-05
479800 2.9e-05
479900 3e-05
480000 2.4e-05
480100 2.6e-05
480200 5e-05
480300 3.6e-05
480400 3.4e-05
480500 3e-05
480600 2.5e-05
480700 2.4e-05
480800 2.8e-05
480900 2.5e-05
481000 2.4e-05
481100 2.4e-05
481200 5.2e-05
481300 2.9e-05
481400 2.6e-05
481500 2.4e-05
481600 3.1e-05
481700 3.6e-05
481800 3.1e-05
481900 1.5e-05
482000 2.3e-05
482100 4.1e-05
482200 2.4e-05
482300 2.5e-05
482400 5.1e-05
482500 1.7e-05
482600 3.7e-05
482700 3.1e-05
482800 2.5e-05
482900 3e-05
483000 2.9e-05
483100 1.6e-05
483200 2.5e-05
483300 2.6e-05
483400 2.4e-05
483500 1.6e-05
483600 1.5e-05
483700 3e-05
483800 2.4e-05
483900 1.7e-05
484000 2.1e-05
484100 3.1e-05
484200 2.5e-05
484300 3.4e-05
484400 2.5e-05
484500 2.4e-05
484600 1.5e-05
484700 1.6e-05
484800 1.7e-05
484900 2.5e-05
485000 2.5e-05
485100 2.4e-05
485200 3.1e-05
485300 2.3e-05
485400 2.3e-05
485500 2.5e-05
485600 1.8e-05
485700 2.4e-05
485800 3e-05
485900 2.6e-05
486000 2.4e-05
486100 1.7e-05
486200 2.4e-05
486300 3.6e-05
486400 2.5e-05
486500 2e-05
486600 2.4e-05
486700 2.9e-05
486800 3.3e-05
486900 3e-05
487000 1.9e-05
487100 3.2e-05
487200 2.6e-05
487300 2.5e-05
487400 3.3e-05
487500 2.4e-05
487600 2.5e-05
487700 2.4e-05
487800 4.5e-05
487900 3e-05
488000 2.7e-05
488100 2.5e-05
488200 3.7e-05
488300 3.5e-05
488400 4.2e-05
488500 2.3e-05
488600 1.8e-05
488700 2.5e-05
488800 2.9e-05
488900 1.7e-05
489000 2.6e-05
489100 2.4e-05
489200 1.6e-05
489300 2.4e-05
489400 3.4e-05
489500 2.4e-05
489600 4e-05
489700 2.5e-05
489800 4.2e-05
489900 2.8e-05
490000 2.3e-05
490100 2.4e-05
490200 3.2e-05
490300 2.7e-05
490400 2.7e-05
490500 1.7e-05
490600 2e-05
490700 2.4e-05
490800 2.4e-05
490900 2.6e-05
491000 2.4e-05
491100 3.1e-05
491200 2.6e-05
491300 3.2e-05
491400 2.5e-05
491500 1.5e-05
491600 2.4e-05
491700 2.4e-05
491800 2.7e-05
491900 3.3e-05
492000 2.4e-05
492100 3.8e-05
492200 3.2e-05
492300 2.7e-05
492400 2.5e-05
492500 3.7e-05
492600 2.9e-05
492700 3.4e-05
492800 2.6e-05
492900 2.6e-05
493000 2.7e-05
493100 2.4e-05
493200 2.5e-05
493300 2.1e-05
493400 2.5e-05
493500 1.7e-05
493600 1.7e-05
493700 3.2e-05
493800 4.7e-05
493900 1.6e-05
494000 2.5e-05
494100 2.4e-05
494200 2.8e-05
494300 2.5e-05
494400 2.4e-05
494500 2.5e-05
494600 3.1e-05
494700 2.5e-05
494800 2.4e-05
494900 3.7e-05
495000 2.4e-05
495100 2.5e-05
495200 2.5e-05
495300 2.5e-05
495400 2.6e-05
495500 2.5e-05
495600 2.1e-05
495700 2.3e-05
495800 2.4e-05
495900 3.6e-05
496000 3.7e-05
496100 2.5e-05
496200 3.9e-05
496300 1.7e-05
496400 3.6e-05
496500 4.1e-05
496600 2.8e-05
496700 1.7e-05
496800 2.6e-05
496900 2.5e-05
497000 1.9e-05
497100 4.2e-05
497200 4.2e-05
497300 1.6e-05
497400 2.5e-05
497500 4.8e-05
497600 1.7e-05
497700 2.8e-05
497800 2.5e-05
497900 3.7e-05
498000 2.4e-05
498100 3e-05
498200 2.4e-05
498300 2.6e-05
498400 3.2e-05
498500 2.7e-05
498600 3.1e-05
498700 2.4e-05
498800 2.4e-05
498900 3.5e-05
499000 4.5e-05
499100 2.7e-05
499200 2.4e-05
499300 2.5e-05
499400 7.7e-05
499500 3.6e-05
499600 2.5e-05
499700 1.6e-05
499800 2.1e-05
499900 1.7e-05
500000 2.1e-05
